,Model,Activation,Test accuracy,Test loss,Normalized test loss,Train accuracy,Train loss,Epoch,Learning rate,Weight decay,Neurons,Nlayers,Train hyperbolicities,Test hyperbolicities,Problem dimension
0,model_type.poincare,activation.dmelu,,0.21850288,24.230082,,0.3427526,0,0.01,0.0001,20,2,,,10
1,model_type.poincare,activation.dmelu,,0.13784428,15.285739,,0.20705721,1,0.01,0.0001,20,2,,,10
2,model_type.poincare,activation.dmelu,,0.090954915,10.086114,,0.12951164,2,0.01,0.0001,20,2,,,10
3,model_type.poincare,activation.dmelu,,0.062797956,6.9637504,,0.08592391,3,0.01,0.0001,20,2,,,10
4,model_type.poincare,activation.dmelu,,0.045220498,5.0145626,,0.06048655,4,0.01,0.0001,20,2,,,10
5,model_type.poincare,activation.dmelu,,0.03400169,3.7704935,,0.044696074,5,0.01,0.0001,20,2,,,10
6,model_type.poincare,activation.dmelu,,0.027172305,3.0131738,,0.034334376,6,0.01,0.0001,20,2,,,10
7,model_type.poincare,activation.dmelu,,0.023932846,2.6539457,,0.027618434,7,0.01,0.0001,20,2,,,10
8,model_type.poincare,activation.dmelu,,0.023788141,2.6378992,,0.024003236,8,0.01,0.0001,20,2,,,10
9,model_type.poincare,activation.dmelu,,0.025936933,2.8761816,,0.02323311,9,0.01,0.0001,20,2,,,10
10,model_type.poincare,activation.dmelu,,0.028978068,3.2134173,,0.024696935,10,0.01,0.0001,20,2,,,10
11,model_type.poincare,activation.dmelu,,0.031209271,3.4608386,,0.027132092,11,0.01,0.0001,20,2,,,10
12,model_type.poincare,activation.dmelu,,0.0314395,3.486369,,0.02890723,12,0.01,0.0001,20,2,,,10
13,model_type.poincare,activation.dmelu,,0.02952066,3.273586,,0.02886868,13,0.01,0.0001,20,2,,,10
14,model_type.poincare,activation.dmelu,,0.02614928,2.8997293,,0.026878925,14,0.01,0.0001,20,2,,,10
15,model_type.poincare,activation.dmelu,,0.022318427,2.4749205,,0.02363131,15,0.01,0.0001,20,2,,,10
16,model_type.poincare,activation.dmelu,,0.018853888,2.0907333,,0.020096269,16,0.01,0.0001,20,2,,,10
17,model_type.poincare,activation.dmelu,,0.016193388,1.7957067,,0.017043514,17,0.01,0.0001,20,2,,,10
18,model_type.poincare,activation.dmelu,,0.014397636,1.5965734,,0.014844567,18,0.01,0.0001,20,2,,,10
19,model_type.poincare,activation.dmelu,,0.013295214,1.4743242,,0.013484496,19,0.01,0.0001,20,2,,,10
20,model_type.poincare,activation.dmelu,,0.012655536,1.4033896,,0.012728377,20,0.01,0.0001,20,2,,,10
21,model_type.poincare,activation.dmelu,,0.01229843,1.3637897,,0.012309416,21,0.01,0.0001,20,2,,,10
22,model_type.poincare,activation.dmelu,,0.012114203,1.3433603,,0.012038383,22,0.01,0.0001,20,2,,,10
23,model_type.poincare,activation.dmelu,,0.012035557,1.3346393,,0.011821958,23,0.01,0.0001,20,2,,,10
24,model_type.poincare,activation.dmelu,,0.012009004,1.3316947,,0.011627474,24,0.01,0.0001,20,2,,,10
25,model_type.poincare,activation.dmelu,,0.011982707,1.3287786,,0.011444197,25,0.01,0.0001,20,2,,,10
26,model_type.poincare,activation.dmelu,,0.011912238,1.3209642,,0.011262965,26,0.01,0.0001,20,2,,,10
27,model_type.poincare,activation.dmelu,,0.01176871,1.3050482,,0.011071214,27,0.01,0.0001,20,2,,,10
28,model_type.poincare,activation.dmelu,,0.011541049,1.2798026,,0.010856629,28,0.01,0.0001,20,2,,,10
29,model_type.poincare,activation.dmelu,,0.0112354895,1.2459186,,0.010607516,29,0.01,0.0001,20,2,,,10
30,model_type.poincare,activation.dmelu,,0.010872101,1.2056221,,0.010313921,30,0.01,0.0001,20,2,,,10
31,model_type.poincare,activation.dmelu,,0.010480737,1.1622232,,0.009969693,31,0.01,0.0001,20,2,,,10
32,model_type.poincare,activation.dmelu,,0.010097455,1.1197205,,0.009578462,32,0.01,0.0001,20,2,,,10
33,model_type.poincare,activation.dmelu,,0.009758209,1.082101,,0.009157194,33,0.01,0.0001,20,2,,,10
34,model_type.poincare,activation.dmelu,,0.009490463,1.0524104,,0.008734092,34,0.01,0.0001,20,2,,,10
35,model_type.poincare,activation.dmelu,,0.009304829,1.0318251,,0.008343462,35,0.01,0.0001,20,2,,,10
36,model_type.poincare,activation.dmelu,,0.009189716,1.01906,,0.008012396,36,0.01,0.0001,20,2,,,10
37,model_type.poincare,activation.dmelu,,0.009115074,1.010783,,0.007749702,37,0.01,0.0001,20,2,,,10
38,model_type.poincare,activation.dmelu,,0.009043326,1.0028267,,0.007543211,38,0.01,0.0001,20,2,,,10
39,model_type.poincare,activation.dmelu,,0.008942245,0.9916176,,0.007367451,39,0.01,0.0001,20,2,,,10
40,model_type.poincare,activation.dmelu,,0.008796074,0.9754086,,0.0071961824,40,0.01,0.0001,20,2,,,10
41,model_type.poincare,activation.dmelu,,0.008608783,0.9546396,,0.007014295,41,0.01,0.0001,20,2,,,10
42,model_type.poincare,activation.dmelu,,0.008399703,0.9314544,,0.006823889,42,0.01,0.0001,20,2,,,10
43,model_type.poincare,activation.dmelu,,0.008192744,0.9085045,,0.006640132,43,0.01,0.0001,20,2,,,10
44,model_type.poincare,activation.dmelu,,0.008009657,0.8882018,,0.006483218,44,0.01,0.0001,20,2,,,10
45,model_type.poincare,activation.dmelu,,0.007864637,0.8721203,,0.006367664,45,0.01,0.0001,20,2,,,10
46,model_type.poincare,activation.dmelu,,0.007762226,0.8607637,,0.006296035,46,0.01,0.0001,20,2,,,10
47,model_type.poincare,activation.dmelu,,0.007697754,0.8536144,,0.0062604374,47,0.01,0.0001,20,2,,,10
48,model_type.poincare,activation.dmelu,,0.007660177,0.8494474,,0.006243307,48,0.01,0.0001,20,2,,,10
49,model_type.poincare,activation.dmelu,,0.007636199,0.84678847,,0.00622307,49,0.01,0.0001,20,2,,,10
50,model_type.poincare,activation.dmelu,,0.007615283,0.8444691,,0.0061809067,50,0.01,0.0001,20,2,,,10
51,model_type.poincare,activation.dmelu,,0.007593193,0.8420195,,0.0061063347,51,0.01,0.0001,20,2,,,10
52,model_type.poincare,activation.dmelu,,0.0075723394,0.839707,,0.0060011814,52,0.01,0.0001,20,2,,,10
53,model_type.poincare,activation.dmelu,,0.007559046,0.8382329,,0.0058774054,53,0.01,0.0001,20,2,,,10
54,model_type.poincare,activation.dmelu,,0.0075584743,0.83816946,,0.0057519893,54,0.01,0.0001,20,2,,,10
55,model_type.poincare,activation.dmelu,,0.0075704437,0.8394968,,0.005639869,55,0.01,0.0001,20,2,,,10
56,model_type.poincare,activation.dmelu,,0.0075884108,0.84148914,,0.005548591,56,0.01,0.0001,20,2,,,10
57,model_type.poincare,activation.dmelu,,0.00760262,0.84306484,,0.005475934,57,0.01,0.0001,20,2,,,10
58,model_type.poincare,activation.dmelu,,0.0076045482,0.84327865,,0.00541423,58,0.01,0.0001,20,2,,,10
59,model_type.poincare,activation.dmelu,,0.0075901696,0.8416842,,0.0053559816,59,0.01,0.0001,20,2,,,10
60,model_type.poincare,activation.dmelu,,0.0075604054,0.8383836,,0.0052975994,60,0.01,0.0001,20,2,,,10
61,model_type.poincare,activation.dmelu,,0.0075188684,0.83377755,,0.005239895,61,0.01,0.0001,20,2,,,10
62,model_type.poincare,activation.dmelu,,0.0074694823,0.828301,,0.005186166,62,0.01,0.0001,20,2,,,10
63,model_type.poincare,activation.dmelu,,0.007414785,0.8222356,,0.0051379018,63,0.01,0.0001,20,2,,,10
64,model_type.poincare,activation.dmelu,,0.007356579,0.815781,,0.005094558,64,0.01,0.0001,20,2,,,10
65,model_type.poincare,activation.dmelu,,0.0072968816,0.8091611,,0.005053593,65,0.01,0.0001,20,2,,,10
66,model_type.poincare,activation.dmelu,,0.00723864,0.8027026,,0.005012119,66,0.01,0.0001,20,2,,,10
67,model_type.poincare,activation.dmelu,,0.007185173,0.7967736,,0.0049684043,67,0.01,0.0001,20,2,,,10
68,model_type.poincare,activation.dmelu,,0.0071396506,0.7917256,,0.004922299,68,0.01,0.0001,20,2,,,10
69,model_type.poincare,activation.dmelu,,0.00710402,0.78777444,,0.004875006,69,0.01,0.0001,20,2,,,10
70,model_type.poincare,activation.dmelu,,0.0070788083,0.7849786,,0.0048283455,70,0.01,0.0001,20,2,,,10
71,model_type.poincare,activation.dmelu,,0.007062853,0.7832093,,0.004783621,71,0.01,0.0001,20,2,,,10
72,model_type.poincare,activation.dmelu,,0.007053724,0.782197,,0.004741065,72,0.01,0.0001,20,2,,,10
73,model_type.poincare,activation.dmelu,,0.007048329,0.78159875,,0.0046999794,73,0.01,0.0001,20,2,,,10
74,model_type.poincare,activation.dmelu,,0.0070437836,0.78109473,,0.004659376,74,0.01,0.0001,20,2,,,10
75,model_type.poincare,activation.dmelu,,0.0070383814,0.78049564,,0.0046182377,75,0.01,0.0001,20,2,,,10
76,model_type.poincare,activation.dmelu,,0.0070319828,0.7797861,,0.0045764684,76,0.01,0.0001,20,2,,,10
77,model_type.poincare,activation.dmelu,,0.007025327,0.779048,,0.0045349635,77,0.01,0.0001,20,2,,,10
78,model_type.poincare,activation.dmelu,,0.0070196902,0.77842295,,0.004495034,78,0.01,0.0001,20,2,,,10
79,model_type.poincare,activation.dmelu,,0.0070158504,0.7779972,,0.0044576046,79,0.01,0.0001,20,2,,,10
80,model_type.poincare,activation.dmelu,,0.0070135305,0.7777399,,0.0044227783,80,0.01,0.0001,20,2,,,10
81,model_type.poincare,activation.dmelu,,0.007012192,0.7775915,,0.0043897224,81,0.01,0.0001,20,2,,,10
82,model_type.poincare,activation.dmelu,,0.007011339,0.7774969,,0.004357503,82,0.01,0.0001,20,2,,,10
83,model_type.poincare,activation.dmelu,,0.007010165,0.7773667,,0.0043249796,83,0.01,0.0001,20,2,,,10
84,model_type.poincare,activation.dmelu,,0.007007507,0.77707195,,0.0042919843,84,0.01,0.0001,20,2,,,10
85,model_type.poincare,activation.dmelu,,0.0070022745,0.7764917,,0.0042589805,85,0.01,0.0001,20,2,,,10
86,model_type.poincare,activation.dmelu,,0.0069934237,0.77551025,,0.0042259516,86,0.01,0.0001,20,2,,,10
87,model_type.poincare,activation.dmelu,,0.006980734,0.77410305,,0.0041930396,87,0.01,0.0001,20,2,,,10
88,model_type.poincare,activation.dmelu,,0.006964328,0.77228373,,0.0041607274,88,0.01,0.0001,20,2,,,10
89,model_type.poincare,activation.dmelu,,0.0069449684,0.77013695,,0.0041286126,89,0.01,0.0001,20,2,,,10
90,model_type.poincare,activation.dmelu,,0.0069241007,0.7678229,,0.004096697,90,0.01,0.0001,20,2,,,10
91,model_type.poincare,activation.dmelu,,0.006903203,0.76550555,,0.004065311,91,0.01,0.0001,20,2,,,10
92,model_type.poincare,activation.dmelu,,0.006883393,0.7633088,,0.004034469,92,0.01,0.0001,20,2,,,10
93,model_type.poincare,activation.dmelu,,0.006865512,0.76132596,,0.0040041697,93,0.01,0.0001,20,2,,,10
94,model_type.poincare,activation.dmelu,,0.0068498123,0.75958496,,0.003974447,94,0.01,0.0001,20,2,,,10
95,model_type.poincare,activation.dmelu,,0.006836275,0.7580838,,0.0039452105,95,0.01,0.0001,20,2,,,10
96,model_type.poincare,activation.dmelu,,0.006824507,0.75677884,,0.003916411,96,0.01,0.0001,20,2,,,10
97,model_type.poincare,activation.dmelu,,0.006813965,0.7556098,,0.003887943,97,0.01,0.0001,20,2,,,10
98,model_type.poincare,activation.dmelu,,0.0068044355,0.7545531,,0.0038597498,98,0.01,0.0001,20,2,,,10
99,model_type.poincare,activation.dmelu,,0.0067954427,0.75355583,,0.0038316897,99,0.01,0.0001,20,2,,,10
100,model_type.poincare,activation.dmelu,,0.006786452,0.7525589,,0.0038040355,100,0.01,0.0001,20,2,,,10
101,model_type.poincare,activation.dmelu,,0.0067772754,0.75154126,,0.0037766714,101,0.01,0.0001,20,2,,,10
102,model_type.poincare,activation.dmelu,,0.0067676036,0.75046873,,0.0037495976,102,0.01,0.0001,20,2,,,10
103,model_type.poincare,activation.dmelu,,0.006757097,0.74930364,,0.0037227445,103,0.01,0.0001,20,2,,,10
104,model_type.poincare,activation.dmelu,,0.006745807,0.7480517,,0.0036960864,104,0.01,0.0001,20,2,,,10
105,model_type.poincare,activation.dmelu,,0.0067334003,0.7466759,,0.0036696505,105,0.01,0.0001,20,2,,,10
106,model_type.poincare,activation.dmelu,,0.006719896,0.7451784,,0.0036434114,106,0.01,0.0001,20,2,,,10
107,model_type.poincare,activation.dmelu,,0.006705866,0.7436226,,0.0036170906,107,0.01,0.0001,20,2,,,10
108,model_type.poincare,activation.dmelu,,0.006691799,0.7420627,,0.0035909864,108,0.01,0.0001,20,2,,,10
109,model_type.poincare,activation.dmelu,,0.006678182,0.74055266,,0.0035650744,109,0.01,0.0001,20,2,,,10
110,model_type.poincare,activation.dmelu,,0.006665233,0.7391167,,0.0035386896,110,0.01,0.0001,20,2,,,10
111,model_type.poincare,activation.dmelu,,0.0066532493,0.73778784,,0.0035125646,111,0.01,0.0001,20,2,,,10
112,model_type.poincare,activation.dmelu,,0.006642073,0.7365485,,0.003486689,112,0.01,0.0001,20,2,,,10
113,model_type.poincare,activation.dmelu,,0.0066313734,0.735362,,0.0034609544,113,0.01,0.0001,20,2,,,10
114,model_type.poincare,activation.dmelu,,0.0066207335,0.7341821,,0.0034353002,114,0.01,0.0001,20,2,,,10
115,model_type.poincare,activation.dmelu,,0.0066097067,0.73295933,,0.003409726,115,0.01,0.0001,20,2,,,10
116,model_type.poincare,activation.dmelu,,0.006598092,0.7316714,,0.0033846246,116,0.01,0.0001,20,2,,,10
117,model_type.poincare,activation.dmelu,,0.0065856413,0.7302907,,0.0033595907,117,0.01,0.0001,20,2,,,10
118,model_type.poincare,activation.dmelu,,0.0065722303,0.7288035,,0.0033346666,118,0.01,0.0001,20,2,,,10
119,model_type.poincare,activation.dmelu,,0.006558158,0.727243,,0.003309875,119,0.01,0.0001,20,2,,,10
120,model_type.poincare,activation.dmelu,,0.006543537,0.7256217,,0.003285222,120,0.01,0.0001,20,2,,,10
121,model_type.poincare,activation.dmelu,,0.0065286844,0.72397465,,0.003260732,121,0.01,0.0001,20,2,,,10
122,model_type.poincare,activation.dmelu,,0.006513683,0.72231114,,0.003236378,122,0.01,0.0001,20,2,,,10
123,model_type.poincare,activation.dmelu,,0.006498733,0.72065336,,0.0032121462,123,0.01,0.0001,20,2,,,10
124,model_type.poincare,activation.dmelu,,0.006483936,0.7190125,,0.0031880736,124,0.01,0.0001,20,2,,,10
125,model_type.poincare,activation.dmelu,,0.006469166,0.71737456,,0.0031641417,125,0.01,0.0001,20,2,,,10
126,model_type.poincare,activation.dmelu,,0.0064544743,0.7157454,,0.0031405673,126,0.01,0.0001,20,2,,,10
127,model_type.poincare,activation.dmelu,,0.006439935,0.71413314,,0.0031172037,127,0.01,0.0001,20,2,,,10
128,model_type.poincare,activation.dmelu,,0.006425579,0.71254116,,0.0030939484,128,0.01,0.0001,20,2,,,10
129,model_type.poincare,activation.dmelu,,0.0064114914,0.710979,,0.0030707824,129,0.01,0.0001,20,2,,,10
130,model_type.poincare,activation.dmelu,,0.006397705,0.7094502,,0.0030474202,130,0.01,0.0001,20,2,,,10
131,model_type.poincare,activation.dmelu,,0.0063841348,0.70794535,,0.0030240468,131,0.01,0.0001,20,2,,,10
132,model_type.poincare,activation.dmelu,,0.006370715,0.7064572,,0.0030007416,132,0.01,0.0001,20,2,,,10
133,model_type.poincare,activation.dmelu,,0.0063573928,0.7049799,,0.0029775163,133,0.01,0.0001,20,2,,,10
134,model_type.poincare,activation.dmelu,,0.006343937,0.70348775,,0.0029543922,134,0.01,0.0001,20,2,,,10
135,model_type.poincare,activation.dmelu,,0.006330266,0.7019718,,0.0029313657,135,0.01,0.0001,20,2,,,10
136,model_type.poincare,activation.dmelu,,0.006316357,0.7004294,,0.0029084445,136,0.01,0.0001,20,2,,,10
137,model_type.poincare,activation.dmelu,,0.0063019516,0.698832,,0.0028856385,137,0.01,0.0001,20,2,,,10
138,model_type.poincare,activation.dmelu,,0.006286924,0.6971655,,0.0028626404,138,0.01,0.0001,20,2,,,10
139,model_type.poincare,activation.dmelu,,0.006271671,0.6954741,,0.0028393597,139,0.01,0.0001,20,2,,,10
140,model_type.poincare,activation.dmelu,,0.006256189,0.6937573,,0.0028161772,140,0.01,0.0001,20,2,,,10
141,model_type.poincare,activation.dmelu,,0.0062408275,0.69205385,,0.0027930723,141,0.01,0.0001,20,2,,,10
142,model_type.poincare,activation.dmelu,,0.0062254155,0.69034475,,0.0027700588,142,0.01,0.0001,20,2,,,10
143,model_type.poincare,activation.dmelu,,0.006209977,0.6886328,,0.002747131,143,0.01,0.0001,20,2,,,10
144,model_type.poincare,activation.dmelu,,0.006194481,0.68691444,,0.0027243195,144,0.01,0.0001,20,2,,,10
145,model_type.poincare,activation.dmelu,,0.006178959,0.6851931,,0.002701617,145,0.01,0.0001,20,2,,,10
146,model_type.poincare,activation.dmelu,,0.0061634174,0.6834697,,0.0026789857,146,0.01,0.0001,20,2,,,10
147,model_type.poincare,activation.dmelu,,0.0061477483,0.6817322,,0.002656461,147,0.01,0.0001,20,2,,,10
148,model_type.poincare,activation.dmelu,,0.0061321505,0.6800025,,0.0026340422,148,0.01,0.0001,20,2,,,10
149,model_type.poincare,activation.dmelu,,0.0061164983,0.67826676,,0.0026117584,149,0.01,0.0001,20,2,,,10
150,model_type.poincare,activation.dmelu,,0.0061006867,0.67651343,,0.0025895857,150,0.01,0.0001,20,2,,,10
151,model_type.poincare,activation.dmelu,,0.0060849125,0.6747642,,0.0025675693,151,0.01,0.0001,20,2,,,10
152,model_type.poincare,activation.dmelu,,0.0060690623,0.67300653,,0.0025456662,152,0.01,0.0001,20,2,,,10
153,model_type.poincare,activation.dmelu,,0.006053101,0.6712366,,0.0025238402,153,0.01,0.0001,20,2,,,10
154,model_type.poincare,activation.dmelu,,0.006036943,0.6694448,,0.0025019348,154,0.01,0.0001,20,2,,,10
155,model_type.poincare,activation.dmelu,,0.0060204947,0.66762084,,0.002479952,155,0.01,0.0001,20,2,,,10
156,model_type.poincare,activation.dmelu,,0.006003851,0.6657752,,0.0024581098,156,0.01,0.0001,20,2,,,10
157,model_type.poincare,activation.dmelu,,0.005986957,0.66390175,,0.0024364025,157,0.01,0.0001,20,2,,,10
158,model_type.poincare,activation.dmelu,,0.00596996,0.6620169,,0.0024148256,158,0.01,0.0001,20,2,,,10
159,model_type.poincare,activation.dmelu,,0.0059530665,0.6601436,,0.0023933908,159,0.01,0.0001,20,2,,,10
160,model_type.poincare,activation.dmelu,,0.005936367,0.6582918,,0.0023726032,160,0.01,0.0001,20,2,,,10
161,model_type.poincare,activation.dmelu,,0.0059198905,0.6564647,,0.0023519993,161,0.01,0.0001,20,2,,,10
162,model_type.poincare,activation.dmelu,,0.0059034484,0.6546414,,0.0023315968,162,0.01,0.0001,20,2,,,10
163,model_type.poincare,activation.dmelu,,0.0058868914,0.6528054,,0.0023113417,163,0.01,0.0001,20,2,,,10
164,model_type.poincare,activation.dmelu,,0.0058701066,0.6509441,,0.0022912174,164,0.01,0.0001,20,2,,,10
165,model_type.poincare,activation.dmelu,,0.00585306,0.6490538,,0.0022710944,165,0.01,0.0001,20,2,,,10
166,model_type.poincare,activation.dmelu,,0.005835605,0.64711815,,0.002251247,166,0.01,0.0001,20,2,,,10
167,model_type.poincare,activation.dmelu,,0.0058178063,0.64514446,,0.0022314847,167,0.01,0.0001,20,2,,,10
168,model_type.poincare,activation.dmelu,,0.0057993806,0.64310116,,0.002211768,168,0.01,0.0001,20,2,,,10
169,model_type.poincare,activation.dmelu,,0.005780862,0.64104766,,0.0021921173,169,0.01,0.0001,20,2,,,10
170,model_type.poincare,activation.dmelu,,0.005762357,0.6389956,,0.0021724817,170,0.01,0.0001,20,2,,,10
171,model_type.poincare,activation.dmelu,,0.0057438198,0.63693994,,0.0021528078,171,0.01,0.0001,20,2,,,10
172,model_type.poincare,activation.dmelu,,0.0057253065,0.634887,,0.002133012,172,0.01,0.0001,20,2,,,10
173,model_type.poincare,activation.dmelu,,0.0057071503,0.63287365,,0.002113412,173,0.01,0.0001,20,2,,,10
174,model_type.poincare,activation.dmelu,,0.0056894207,0.6309076,,0.0020940248,174,0.01,0.0001,20,2,,,10
175,model_type.poincare,activation.dmelu,,0.005671976,0.6289731,,0.0020748693,175,0.01,0.0001,20,2,,,10
176,model_type.poincare,activation.dmelu,,0.005654909,0.62708056,,0.0020558538,176,0.01,0.0001,20,2,,,10
177,model_type.poincare,activation.dmelu,,0.0056379614,0.62520117,,0.0020369878,177,0.01,0.0001,20,2,,,10
178,model_type.poincare,activation.dmelu,,0.005620575,0.6232732,,0.0020181902,178,0.01,0.0001,20,2,,,10
179,model_type.poincare,activation.dmelu,,0.005602481,0.6212667,,0.0019994255,179,0.01,0.0001,20,2,,,10
180,model_type.poincare,activation.dmelu,,0.0055835256,0.6191647,,0.0019807657,180,0.01,0.0001,20,2,,,10
181,model_type.poincare,activation.dmelu,,0.0055637574,0.6169726,,0.0019622303,181,0.01,0.0001,20,2,,,10
182,model_type.poincare,activation.dmelu,,0.005543377,0.6147126,,0.0019438064,182,0.01,0.0001,20,2,,,10
183,model_type.poincare,activation.dmelu,,0.0055228123,0.6124321,,0.0019254221,183,0.01,0.0001,20,2,,,10
184,model_type.poincare,activation.dmelu,,0.0055026067,0.6101915,,0.0019070696,184,0.01,0.0001,20,2,,,10
185,model_type.poincare,activation.dmelu,,0.0054825856,0.6079714,,0.0018888541,185,0.01,0.0001,20,2,,,10
186,model_type.poincare,activation.dmelu,,0.0054628574,0.6057837,,0.0018706741,186,0.01,0.0001,20,2,,,10
187,model_type.poincare,activation.dmelu,,0.00544335,0.60362047,,0.0018525578,187,0.01,0.0001,20,2,,,10
188,model_type.poincare,activation.dmelu,,0.005423668,0.60143787,,0.00183455,188,0.01,0.0001,20,2,,,10
189,model_type.poincare,activation.dmelu,,0.0054035448,0.5992064,,0.0018166379,189,0.01,0.0001,20,2,,,10
190,model_type.poincare,activation.dmelu,,0.005382703,0.5968953,,0.0017988649,190,0.01,0.0001,20,2,,,10
191,model_type.poincare,activation.dmelu,,0.0053614024,0.5945332,,0.0017813576,191,0.01,0.0001,20,2,,,10
192,model_type.poincare,activation.dmelu,,0.0053399564,0.592155,,0.0017640266,192,0.01,0.0001,20,2,,,10
193,model_type.poincare,activation.dmelu,,0.005318655,0.5897929,,0.0017467941,193,0.01,0.0001,20,2,,,10
194,model_type.poincare,activation.dmelu,,0.005297607,0.5874588,,0.0017296906,194,0.01,0.0001,20,2,,,10
195,model_type.poincare,activation.dmelu,,0.0052767517,0.5851461,,0.001712742,195,0.01,0.0001,20,2,,,10
196,model_type.poincare,activation.dmelu,,0.005255929,0.5828371,,0.0016959141,196,0.01,0.0001,20,2,,,10
197,model_type.poincare,activation.dmelu,,0.005235019,0.58051836,,0.0016792105,197,0.01,0.0001,20,2,,,10
198,model_type.poincare,activation.dmelu,,0.0052137813,0.57816327,,0.0016626337,198,0.01,0.0001,20,2,,,10
199,model_type.poincare,activation.dmelu,,0.005192283,0.5757793,,0.0016461737,199,0.01,0.0001,20,2,,,10
200,model_type.poincare,activation.dmelu,,0.005170508,0.5733646,,0.0016299695,200,0.01,0.0001,20,2,,,10
201,model_type.poincare,activation.dmelu,,0.005148647,0.57094043,,0.0016139124,201,0.01,0.0001,20,2,,,10
202,model_type.poincare,activation.dmelu,,0.0051269075,0.5685297,,0.0015979655,202,0.01,0.0001,20,2,,,10
203,model_type.poincare,activation.dmelu,,0.0051055513,0.5661615,,0.0015821975,203,0.01,0.0001,20,2,,,10
204,model_type.poincare,activation.dmelu,,0.0050844583,0.56382245,,0.0015666747,204,0.01,0.0001,20,2,,,10
205,model_type.poincare,activation.dmelu,,0.0050634355,0.56149125,,0.0015512153,205,0.01,0.0001,20,2,,,10
206,model_type.poincare,activation.dmelu,,0.0050424812,0.55916756,,0.0015359984,206,0.01,0.0001,20,2,,,10
207,model_type.poincare,activation.dmelu,,0.0050213747,0.55682707,,0.0015208812,207,0.01,0.0001,20,2,,,10
208,model_type.poincare,activation.dmelu,,0.004999919,0.55444777,,0.0015058836,208,0.01,0.0001,20,2,,,10
209,model_type.poincare,activation.dmelu,,0.004978148,0.55203354,,0.0014909846,209,0.01,0.0001,20,2,,,10
210,model_type.poincare,activation.dmelu,,0.0049561453,0.5495937,,0.0014761942,210,0.01,0.0001,20,2,,,10
211,model_type.poincare,activation.dmelu,,0.004934119,0.54715115,,0.0014615185,211,0.01,0.0001,20,2,,,10
212,model_type.poincare,activation.dmelu,,0.00491228,0.5447294,,0.0014470122,212,0.01,0.0001,20,2,,,10
213,model_type.poincare,activation.dmelu,,0.00489054,0.54231864,,0.0014326425,213,0.01,0.0001,20,2,,,10
214,model_type.poincare,activation.dmelu,,0.004869048,0.53993535,,0.0014183766,214,0.01,0.0001,20,2,,,10
215,model_type.poincare,activation.dmelu,,0.0048476607,0.5375637,,0.0014042294,215,0.01,0.0001,20,2,,,10
216,model_type.poincare,activation.dmelu,,0.004826228,0.535187,,0.0013902223,216,0.01,0.0001,20,2,,,10
217,model_type.poincare,activation.dmelu,,0.004804671,0.53279644,,0.0013763265,217,0.01,0.0001,20,2,,,10
218,model_type.poincare,activation.dmelu,,0.0047829375,0.53038645,,0.0013625665,218,0.01,0.0001,20,2,,,10
219,model_type.poincare,activation.dmelu,,0.0047610295,0.527957,,0.0013489373,219,0.01,0.0001,20,2,,,10
220,model_type.poincare,activation.dmelu,,0.0047389437,0.52550787,,0.0013354542,220,0.01,0.0001,20,2,,,10
221,model_type.poincare,activation.dmelu,,0.0047167977,0.5230521,,0.0013221066,221,0.01,0.0001,20,2,,,10
222,model_type.poincare,activation.dmelu,,0.0046946877,0.52060026,,0.0013088892,222,0.01,0.0001,20,2,,,10
223,model_type.poincare,activation.dmelu,,0.0046725487,0.51814526,,0.0012957964,223,0.01,0.0001,20,2,,,10
224,model_type.poincare,activation.dmelu,,0.004650428,0.5156923,,0.0012827275,224,0.01,0.0001,20,2,,,10
225,model_type.poincare,activation.dmelu,,0.0046283137,0.51324,,0.0012696513,225,0.01,0.0001,20,2,,,10
226,model_type.poincare,activation.dmelu,,0.004606165,0.5107839,,0.0012566933,226,0.01,0.0001,20,2,,,10
227,model_type.poincare,activation.dmelu,,0.0045839474,0.50832015,,0.001243854,227,0.01,0.0001,20,2,,,10
228,model_type.poincare,activation.dmelu,,0.0045616156,0.50584376,,0.0012311316,228,0.01,0.0001,20,2,,,10
229,model_type.poincare,activation.dmelu,,0.0045392495,0.50336355,,0.0012185652,229,0.01,0.0001,20,2,,,10
230,model_type.poincare,activation.dmelu,,0.004516922,0.5008876,,0.0012061332,230,0.01,0.0001,20,2,,,10
231,model_type.poincare,activation.dmelu,,0.004494735,0.49842727,,0.0011938441,231,0.01,0.0001,20,2,,,10
232,model_type.poincare,activation.dmelu,,0.0044726073,0.4959735,,0.001181698,232,0.01,0.0001,20,2,,,10
233,model_type.poincare,activation.dmelu,,0.004450528,0.4935251,,0.0011697005,233,0.01,0.0001,20,2,,,10
234,model_type.poincare,activation.dmelu,,0.004428671,0.49110135,,0.0011579643,234,0.01,0.0001,20,2,,,10
235,model_type.poincare,activation.dmelu,,0.0044069435,0.48869193,,0.0011465434,235,0.01,0.0001,20,2,,,10
236,model_type.poincare,activation.dmelu,,0.0043852557,0.48628697,,0.0011352726,236,0.01,0.0001,20,2,,,10
237,model_type.poincare,activation.dmelu,,0.0043635527,0.48388028,,0.0011241313,237,0.01,0.0001,20,2,,,10
238,model_type.poincare,activation.dmelu,,0.0043418217,0.4814705,,0.0011131287,238,0.01,0.0001,20,2,,,10
239,model_type.poincare,activation.dmelu,,0.004320069,0.47905833,,0.0011022623,239,0.01,0.0001,20,2,,,10
240,model_type.poincare,activation.dmelu,,0.004298426,0.4766583,,0.0010915181,240,0.01,0.0001,20,2,,,10
241,model_type.poincare,activation.dmelu,,0.004277104,0.47429386,,0.0010809262,241,0.01,0.0001,20,2,,,10
242,model_type.poincare,activation.dmelu,,0.0042559775,0.47195113,,0.0010704404,242,0.01,0.0001,20,2,,,10
243,model_type.poincare,activation.dmelu,,0.004234919,0.4696159,,0.0010599052,243,0.01,0.0001,20,2,,,10
244,model_type.poincare,activation.dmelu,,0.0042138845,0.46728337,,0.0010494734,244,0.01,0.0001,20,2,,,10
245,model_type.poincare,activation.dmelu,,0.0041925684,0.4649196,,0.0010391489,245,0.01,0.0001,20,2,,,10
246,model_type.poincare,activation.dmelu,,0.004171128,0.46254203,,0.0010289411,246,0.01,0.0001,20,2,,,10
247,model_type.poincare,activation.dmelu,,0.0041499366,0.4601921,,0.0010188845,247,0.01,0.0001,20,2,,,10
248,model_type.poincare,activation.dmelu,,0.0041291136,0.457883,,0.0010089496,248,0.01,0.0001,20,2,,,10
249,model_type.poincare,activation.dmelu,,0.0041087028,0.45561963,,0.0009990385,249,0.01,0.0001,20,2,,,10
250,model_type.poincare,activation.dmelu,,0.0040885964,0.45339,,0.0009891851,250,0.01,0.0001,20,2,,,10
251,model_type.poincare,activation.dmelu,,0.004068626,0.45117548,,0.0009794452,251,0.01,0.0001,20,2,,,10
252,model_type.poincare,activation.dmelu,,0.004048647,0.44895995,,0.00096982403,252,0.01,0.0001,20,2,,,10
253,model_type.poincare,activation.dmelu,,0.0040285485,0.4467312,,0.00096031034,253,0.01,0.0001,20,2,,,10
254,model_type.poincare,activation.dmelu,,0.0040082764,0.44448322,,0.0009509194,254,0.01,0.0001,20,2,,,10
255,model_type.poincare,activation.dmelu,,0.003988088,0.4422445,,0.0009416498,255,0.01,0.0001,20,2,,,10
256,model_type.poincare,activation.dmelu,,0.0039680884,0.4400267,,0.00093248324,256,0.01,0.0001,20,2,,,10
257,model_type.poincare,activation.dmelu,,0.003948334,0.43783614,,0.000923409,257,0.01,0.0001,20,2,,,10
258,model_type.poincare,activation.dmelu,,0.0039286837,0.43565705,,0.0009144526,258,0.01,0.0001,20,2,,,10
259,model_type.poincare,activation.dmelu,,0.0039092093,0.43349752,,0.00090559706,259,0.01,0.0001,20,2,,,10
260,model_type.poincare,activation.dmelu,,0.003889955,0.4313624,,0.0008968645,260,0.01,0.0001,20,2,,,10
261,model_type.poincare,activation.dmelu,,0.003870893,0.42924857,,0.00088823563,261,0.01,0.0001,20,2,,,10
262,model_type.poincare,activation.dmelu,,0.0038520128,0.42715493,,0.00087973895,262,0.01,0.0001,20,2,,,10
263,model_type.poincare,activation.dmelu,,0.0038332639,0.42507583,,0.0008714135,263,0.01,0.0001,20,2,,,10
264,model_type.poincare,activation.dmelu,,0.0038146542,0.42301217,,0.0008633039,264,0.01,0.0001,20,2,,,10
265,model_type.poincare,activation.dmelu,,0.0037961067,0.42095542,,0.0008552651,265,0.01,0.0001,20,2,,,10
266,model_type.poincare,activation.dmelu,,0.0037775864,0.41890168,,0.0008473027,266,0.01,0.0001,20,2,,,10
267,model_type.poincare,activation.dmelu,,0.0037591613,0.4168585,,0.00083942915,267,0.01,0.0001,20,2,,,10
268,model_type.poincare,activation.dmelu,,0.0037407917,0.41482148,,0.0008316295,268,0.01,0.0001,20,2,,,10
269,model_type.poincare,activation.dmelu,,0.0037225457,0.41279814,,0.0008239385,269,0.01,0.0001,20,2,,,10
270,model_type.poincare,activation.dmelu,,0.003704498,0.41079682,,0.0008163436,270,0.01,0.0001,20,2,,,10
271,model_type.poincare,activation.dmelu,,0.0036869156,0.40884706,,0.00080881664,271,0.01,0.0001,20,2,,,10
272,model_type.poincare,activation.dmelu,,0.0036695895,0.40692577,,0.00080139405,272,0.01,0.0001,20,2,,,10
273,model_type.poincare,activation.dmelu,,0.0036522734,0.40500554,,0.0007940577,273,0.01,0.0001,20,2,,,10
274,model_type.poincare,activation.dmelu,,0.0036351115,0.40310246,,0.00078682194,274,0.01,0.0001,20,2,,,10
275,model_type.poincare,activation.dmelu,,0.0036177835,0.40118092,,0.00077966496,275,0.01,0.0001,20,2,,,10
276,model_type.poincare,activation.dmelu,,0.0036002721,0.39923906,,0.0007725846,276,0.01,0.0001,20,2,,,10
277,model_type.poincare,activation.dmelu,,0.0035826792,0.39728814,,0.00076558173,277,0.01,0.0001,20,2,,,10
278,model_type.poincare,activation.dmelu,,0.0035651422,0.39534345,,0.00075866043,278,0.01,0.0001,20,2,,,10
279,model_type.poincare,activation.dmelu,,0.0035477616,0.3934161,,0.0007518016,279,0.01,0.0001,20,2,,,10
280,model_type.poincare,activation.dmelu,,0.003530564,0.39150903,,0.0007449844,280,0.01,0.0001,20,2,,,10
281,model_type.poincare,activation.dmelu,,0.0035135515,0.3896225,,0.00073826744,281,0.01,0.0001,20,2,,,10
282,model_type.poincare,activation.dmelu,,0.0034967384,0.38775808,,0.0007316417,282,0.01,0.0001,20,2,,,10
283,model_type.poincare,activation.dmelu,,0.0034800644,0.38590908,,0.0007251068,283,0.01,0.0001,20,2,,,10
284,model_type.poincare,activation.dmelu,,0.0034634136,0.38406262,,0.00071864045,284,0.01,0.0001,20,2,,,10
285,model_type.poincare,activation.dmelu,,0.0034466835,0.38220742,,0.00071225845,285,0.01,0.0001,20,2,,,10
286,model_type.poincare,activation.dmelu,,0.0034298666,0.38034257,,0.0007059552,286,0.01,0.0001,20,2,,,10
287,model_type.poincare,activation.dmelu,,0.0034130306,0.3784756,,0.0006997265,287,0.01,0.0001,20,2,,,10
288,model_type.poincare,activation.dmelu,,0.0033961348,0.376602,,0.00069357915,288,0.01,0.0001,20,2,,,10
289,model_type.poincare,activation.dmelu,,0.0033792788,0.37473282,,0.00068751595,289,0.01,0.0001,20,2,,,10
290,model_type.poincare,activation.dmelu,,0.0033625364,0.37287623,,0.00068153086,290,0.01,0.0001,20,2,,,10
291,model_type.poincare,activation.dmelu,,0.0033459638,0.37103847,,0.0006756097,291,0.01,0.0001,20,2,,,10
292,model_type.poincare,activation.dmelu,,0.0033295688,0.3692204,,0.0006697723,292,0.01,0.0001,20,2,,,10
293,model_type.poincare,activation.dmelu,,0.0033132667,0.36741263,,0.00066400645,293,0.01,0.0001,20,2,,,10
294,model_type.poincare,activation.dmelu,,0.0032970377,0.36561298,,0.0006583221,294,0.01,0.0001,20,2,,,10
295,model_type.poincare,activation.dmelu,,0.003280872,0.36382034,,0.0006527102,295,0.01,0.0001,20,2,,,10
296,model_type.poincare,activation.dmelu,,0.0032647285,0.36203018,,0.00064716605,296,0.01,0.0001,20,2,,,10
297,model_type.poincare,activation.dmelu,,0.0032485884,0.36024037,,0.0006417053,297,0.01,0.0001,20,2,,,10
298,model_type.poincare,activation.dmelu,,0.003232452,0.358451,,0.00063632464,298,0.01,0.0001,20,2,,,10
299,model_type.poincare,activation.dmelu,,0.0032163395,0.35666424,,0.0006309665,299,0.01,0.0001,20,2,,,10
300,model_type.poincare,activation.dmelu,,0.003200369,0.35489327,,0.0006257416,300,0.01,0.0001,20,2,,,10
301,model_type.poincare,activation.dmelu,,0.0031845497,0.35313904,,0.0006205638,301,0.01,0.0001,20,2,,,10
302,model_type.poincare,activation.dmelu,,0.0031687906,0.3513915,,0.0006154491,302,0.01,0.0001,20,2,,,10
303,model_type.poincare,activation.dmelu,,0.003153065,0.34964764,,0.0006103969,303,0.01,0.0001,20,2,,,10
304,model_type.poincare,activation.dmelu,,0.0031374225,0.34791303,,0.00060540903,304,0.01,0.0001,20,2,,,10
305,model_type.poincare,activation.dmelu,,0.0031218573,0.346187,,0.0006004739,305,0.01,0.0001,20,2,,,10
306,model_type.poincare,activation.dmelu,,0.0031064195,0.34447506,,0.0005955831,306,0.01,0.0001,20,2,,,10
307,model_type.poincare,activation.dmelu,,0.0030911705,0.34278408,,0.0005907593,307,0.01,0.0001,20,2,,,10
308,model_type.poincare,activation.dmelu,,0.0030761051,0.34111348,,0.0005859994,308,0.01,0.0001,20,2,,,10
309,model_type.poincare,activation.dmelu,,0.0030611388,0.33945385,,0.00058130664,309,0.01,0.0001,20,2,,,10
310,model_type.poincare,activation.dmelu,,0.0030462544,0.33780327,,0.000576685,310,0.01,0.0001,20,2,,,10
311,model_type.poincare,activation.dmelu,,0.003031443,0.33616084,,0.0005721388,311,0.01,0.0001,20,2,,,10
312,model_type.poincare,activation.dmelu,,0.0030167184,0.334528,,0.0005676544,312,0.01,0.0001,20,2,,,10
313,model_type.poincare,activation.dmelu,,0.0030021241,0.3329096,,0.0005632243,313,0.01,0.0001,20,2,,,10
314,model_type.poincare,activation.dmelu,,0.0029877075,0.33131093,,0.0005588515,314,0.01,0.0001,20,2,,,10
315,model_type.poincare,activation.dmelu,,0.0029734576,0.32973075,,0.00055452896,315,0.01,0.0001,20,2,,,10
316,model_type.poincare,activation.dmelu,,0.0029593683,0.32816836,,0.0005502694,316,0.01,0.0001,20,2,,,10
317,model_type.poincare,activation.dmelu,,0.0029454126,0.32662082,,0.0005460606,317,0.01,0.0001,20,2,,,10
318,model_type.poincare,activation.dmelu,,0.0029315704,0.32508582,,0.0005419103,318,0.01,0.0001,20,2,,,10
319,model_type.poincare,activation.dmelu,,0.0029177999,0.32355878,,0.0005378078,319,0.01,0.0001,20,2,,,10
320,model_type.poincare,activation.dmelu,,0.0029039166,0.32201925,,0.00053375994,320,0.01,0.0001,20,2,,,10
321,model_type.poincare,activation.dmelu,,0.002890183,0.3204963,,0.00052977056,321,0.01,0.0001,20,2,,,10
322,model_type.poincare,activation.dmelu,,0.0028765737,0.31898716,,0.0005258316,322,0.01,0.0001,20,2,,,10
323,model_type.poincare,activation.dmelu,,0.002863132,0.3174966,,0.0005219519,323,0.01,0.0001,20,2,,,10
324,model_type.poincare,activation.dmelu,,0.0028498408,0.31602272,,0.0005181132,324,0.01,0.0001,20,2,,,10
325,model_type.poincare,activation.dmelu,,0.0028365895,0.31455326,,0.0005143244,325,0.01,0.0001,20,2,,,10
326,model_type.poincare,activation.dmelu,,0.0028234452,0.3130957,,0.0005105914,326,0.01,0.0001,20,2,,,10
327,model_type.poincare,activation.dmelu,,0.0028103462,0.3116431,,0.0005069061,327,0.01,0.0001,20,2,,,10
328,model_type.poincare,activation.dmelu,,0.002797323,0.31019896,,0.0005032642,328,0.01,0.0001,20,2,,,10
329,model_type.poincare,activation.dmelu,,0.0027843758,0.3087632,,0.00049967645,329,0.01,0.0001,20,2,,,10
330,model_type.poincare,activation.dmelu,,0.0027714882,0.3073341,,0.0004961269,330,0.01,0.0001,20,2,,,10
331,model_type.poincare,activation.dmelu,,0.0027586604,0.3059116,,0.00049263146,331,0.01,0.0001,20,2,,,10
332,model_type.poincare,activation.dmelu,,0.0027458149,0.30448714,,0.00048917753,332,0.01,0.0001,20,2,,,10
333,model_type.poincare,activation.dmelu,,0.0027330145,0.30306768,,0.00048577096,333,0.01,0.0001,20,2,,,10
334,model_type.poincare,activation.dmelu,,0.0027203278,0.30166084,,0.0004824101,334,0.01,0.0001,20,2,,,10
335,model_type.poincare,activation.dmelu,,0.0027077177,0.30026248,,0.0004790947,335,0.01,0.0001,20,2,,,10
336,model_type.poincare,activation.dmelu,,0.002695145,0.2988683,,0.000475822,336,0.01,0.0001,20,2,,,10
337,model_type.poincare,activation.dmelu,,0.0026826218,0.29747957,,0.00047259135,337,0.01,0.0001,20,2,,,10
338,model_type.poincare,activation.dmelu,,0.0026701568,0.2960973,,0.0004694064,338,0.01,0.0001,20,2,,,10
339,model_type.poincare,activation.dmelu,,0.002657691,0.29471496,,0.00046624895,339,0.01,0.0001,20,2,,,10
340,model_type.poincare,activation.dmelu,,0.0026453375,0.29334506,,0.00046312233,340,0.01,0.0001,20,2,,,10
341,model_type.poincare,activation.dmelu,,0.002633172,0.29199603,,0.00046004693,341,0.01,0.0001,20,2,,,10
342,model_type.poincare,activation.dmelu,,0.002621127,0.29066032,,0.00045693104,342,0.01,0.0001,20,2,,,10
343,model_type.poincare,activation.dmelu,,0.002609247,0.28934294,,0.00045379068,343,0.01,0.0001,20,2,,,10
344,model_type.poincare,activation.dmelu,,0.0025975034,0.28804067,,0.00045071516,344,0.01,0.0001,20,2,,,10
345,model_type.poincare,activation.dmelu,,0.002585856,0.2867491,,0.00044769057,345,0.01,0.0001,20,2,,,10
346,model_type.poincare,activation.dmelu,,0.0025741488,0.28545085,,0.00044479317,346,0.01,0.0001,20,2,,,10
347,model_type.poincare,activation.dmelu,,0.0025624044,0.28414848,,0.00044193421,347,0.01,0.0001,20,2,,,10
348,model_type.poincare,activation.dmelu,,0.0025507566,0.28285685,,0.00043910486,348,0.01,0.0001,20,2,,,10
349,model_type.poincare,activation.dmelu,,0.0025392585,0.28158182,,0.00043631424,349,0.01,0.0001,20,2,,,10
350,model_type.poincare,activation.dmelu,,0.0025278118,0.28031248,,0.00043356148,350,0.01,0.0001,20,2,,,10
351,model_type.poincare,activation.dmelu,,0.00251641,0.27904812,,0.00043084205,351,0.01,0.0001,20,2,,,10
352,model_type.poincare,activation.dmelu,,0.002505159,0.27780047,,0.0004282203,352,0.01,0.0001,20,2,,,10
353,model_type.poincare,activation.dmelu,,0.0024941154,0.27657583,,0.0004256322,353,0.01,0.0001,20,2,,,10
354,model_type.poincare,activation.dmelu,,0.0024832145,0.27536702,,0.0004230752,354,0.01,0.0001,20,2,,,10
355,model_type.poincare,activation.dmelu,,0.0024723706,0.27416453,,0.00042050137,355,0.01,0.0001,20,2,,,10
356,model_type.poincare,activation.dmelu,,0.002461549,0.2729645,,0.00041794658,356,0.01,0.0001,20,2,,,10
357,model_type.poincare,activation.dmelu,,0.0024507383,0.2717657,,0.00041542086,357,0.01,0.0001,20,2,,,10
358,model_type.poincare,activation.dmelu,,0.0024399364,0.27056786,,0.00041292142,358,0.01,0.0001,20,2,,,10
359,model_type.poincare,activation.dmelu,,0.0024291459,0.26937127,,0.0004104517,359,0.01,0.0001,20,2,,,10
360,model_type.poincare,activation.dmelu,,0.0024183716,0.2681765,,0.00040801245,360,0.01,0.0001,20,2,,,10
361,model_type.poincare,activation.dmelu,,0.0024076696,0.26698974,,0.0004056014,361,0.01,0.0001,20,2,,,10
362,model_type.poincare,activation.dmelu,,0.0023970907,0.26581663,,0.0004032185,362,0.01,0.0001,20,2,,,10
363,model_type.poincare,activation.dmelu,,0.0023866678,0.26466084,,0.00040086612,363,0.01,0.0001,20,2,,,10
364,model_type.poincare,activation.dmelu,,0.002376266,0.26350737,,0.0003987597,364,0.01,0.0001,20,2,,,10
365,model_type.poincare,activation.dmelu,,0.0023657933,0.26234603,,0.00039668073,365,0.01,0.0001,20,2,,,10
366,model_type.poincare,activation.dmelu,,0.0023552382,0.26117557,,0.00039456962,366,0.01,0.0001,20,2,,,10
367,model_type.poincare,activation.dmelu,,0.0023448349,0.26002192,,0.00039243963,367,0.01,0.0001,20,2,,,10
368,model_type.poincare,activation.dmelu,,0.00233464,0.25889137,,0.00039034162,368,0.01,0.0001,20,2,,,10
369,model_type.poincare,activation.dmelu,,0.0023246421,0.25778273,,0.00038826457,369,0.01,0.0001,20,2,,,10
370,model_type.poincare,activation.dmelu,,0.0023146772,0.2566777,,0.0003862007,370,0.01,0.0001,20,2,,,10
371,model_type.poincare,activation.dmelu,,0.00230462,0.25556245,,0.00038416468,371,0.01,0.0001,20,2,,,10
372,model_type.poincare,activation.dmelu,,0.002294509,0.2544412,,0.00038213958,372,0.01,0.0001,20,2,,,10
373,model_type.poincare,activation.dmelu,,0.0022844013,0.25332037,,0.00038014282,373,0.01,0.0001,20,2,,,10
374,model_type.poincare,activation.dmelu,,0.0022744085,0.25221226,,0.00037813507,374,0.01,0.0001,20,2,,,10
375,model_type.poincare,activation.dmelu,,0.0022646128,0.251126,,0.00037614626,375,0.01,0.0001,20,2,,,10
376,model_type.poincare,activation.dmelu,,0.0022549448,0.25005388,,0.00037415902,376,0.01,0.0001,20,2,,,10
377,model_type.poincare,activation.dmelu,,0.0022453205,0.24898663,,0.00037219207,377,0.01,0.0001,20,2,,,10
378,model_type.poincare,activation.dmelu,,0.0022356864,0.2479183,,0.0003702482,378,0.01,0.0001,20,2,,,10
379,model_type.poincare,activation.dmelu,,0.0022261052,0.24685583,,0.00036832853,379,0.01,0.0001,20,2,,,10
380,model_type.poincare,activation.dmelu,,0.0022166078,0.24580264,,0.0003664257,380,0.01,0.0001,20,2,,,10
381,model_type.poincare,activation.dmelu,,0.0022072303,0.24476276,,0.00036454364,381,0.01,0.0001,20,2,,,10
382,model_type.poincare,activation.dmelu,,0.0021979602,0.24373478,,0.00036267898,382,0.01,0.0001,20,2,,,10
383,model_type.poincare,activation.dmelu,,0.002188755,0.242714,,0.00036083107,383,0.01,0.0001,20,2,,,10
384,model_type.poincare,activation.dmelu,,0.0021795318,0.24169125,,0.00035900006,384,0.01,0.0001,20,2,,,10
385,model_type.poincare,activation.dmelu,,0.0021703173,0.24066943,,0.00035719044,385,0.01,0.0001,20,2,,,10
386,model_type.poincare,activation.dmelu,,0.0021611755,0.23965569,,0.00035539485,386,0.01,0.0001,20,2,,,10
387,model_type.poincare,activation.dmelu,,0.0021521696,0.23865701,,0.00035361163,387,0.01,0.0001,20,2,,,10
388,model_type.poincare,activation.dmelu,,0.0021433388,0.23767775,,0.00035184412,388,0.01,0.0001,20,2,,,10
389,model_type.poincare,activation.dmelu,,0.0021345217,0.23670001,,0.0003500981,389,0.01,0.0001,20,2,,,10
390,model_type.poincare,activation.dmelu,,0.0021256546,0.23571673,,0.00034835725,390,0.01,0.0001,20,2,,,10
391,model_type.poincare,activation.dmelu,,0.0021167796,0.23473255,,0.00034663014,391,0.01,0.0001,20,2,,,10
392,model_type.poincare,activation.dmelu,,0.002107915,0.23374955,,0.00034491473,392,0.01,0.0001,20,2,,,10
393,model_type.poincare,activation.dmelu,,0.002099106,0.23277272,,0.00034320905,393,0.01,0.0001,20,2,,,10
394,model_type.poincare,activation.dmelu,,0.0020904208,0.2318096,,0.00034152233,394,0.01,0.0001,20,2,,,10
395,model_type.poincare,activation.dmelu,,0.002081812,0.23085494,,0.00033971795,395,0.01,0.0001,20,2,,,10
396,model_type.poincare,activation.dmelu,,0.0020732358,0.22990394,,0.00033784335,396,0.01,0.0001,20,2,,,10
397,model_type.poincare,activation.dmelu,,0.0020646658,0.22895359,,0.0003359845,397,0.01,0.0001,20,2,,,10
398,model_type.poincare,activation.dmelu,,0.0020561286,0.22800688,,0.00033412964,398,0.01,0.0001,20,2,,,10
399,model_type.poincare,activation.dmelu,,0.0020476826,0.2270703,,0.00033229013,399,0.01,0.0001,20,2,,,10
400,model_type.poincare,activation.dmelu,,0.0020393443,0.22614565,,0.00033043724,400,0.01,0.0001,20,2,,,10
401,model_type.poincare,activation.dmelu,,0.002030979,0.22521801,,0.0003285341,401,0.01,0.0001,20,2,,,10
402,model_type.poincare,activation.dmelu,,0.0020225262,0.22428067,,0.00032663744,402,0.01,0.0001,20,2,,,10
403,model_type.poincare,activation.dmelu,,0.0020139478,0.22332941,,0.00032475925,403,0.01,0.0001,20,2,,,10
404,model_type.poincare,activation.dmelu,,0.0020052895,0.22236928,,0.00032289154,404,0.01,0.0001,20,2,,,10
405,model_type.poincare,activation.dmelu,,0.0019966995,0.22141671,,0.00032105486,405,0.01,0.0001,20,2,,,10
406,model_type.poincare,activation.dmelu,,0.0019882664,0.22048156,,0.00031922615,406,0.01,0.0001,20,2,,,10
407,model_type.poincare,activation.dmelu,,0.0019798302,0.21954606,,0.00031742136,407,0.01,0.0001,20,2,,,10
408,model_type.poincare,activation.dmelu,,0.0019712925,0.2185993,,0.00031563215,408,0.01,0.0001,20,2,,,10
409,model_type.poincare,activation.dmelu,,0.0019626634,0.21764241,,0.00031386298,409,0.01,0.0001,20,2,,,10
410,model_type.poincare,activation.dmelu,,0.0019541346,0.21669663,,0.0003121155,410,0.01,0.0001,20,2,,,10
411,model_type.poincare,activation.dmelu,,0.00194579,0.2157713,,0.00031038388,411,0.01,0.0001,20,2,,,10
412,model_type.poincare,activation.dmelu,,0.0019375694,0.2148597,,0.00030861635,412,0.01,0.0001,20,2,,,10
413,model_type.poincare,activation.dmelu,,0.0019292862,0.21394116,,0.0003068321,413,0.01,0.0001,20,2,,,10
414,model_type.poincare,activation.dmelu,,0.0019209848,0.21302061,,0.0003050673,414,0.01,0.0001,20,2,,,10
415,model_type.poincare,activation.dmelu,,0.0019127398,0.21210632,,0.0003033133,415,0.01,0.0001,20,2,,,10
416,model_type.poincare,activation.dmelu,,0.0019045376,0.21119675,,0.00030156568,416,0.01,0.0001,20,2,,,10
417,model_type.poincare,activation.dmelu,,0.0018963508,0.21028891,,0.0002998334,417,0.01,0.0001,20,2,,,10
418,model_type.poincare,activation.dmelu,,0.0018882654,0.20939231,,0.00029811345,418,0.01,0.0001,20,2,,,10
419,model_type.poincare,activation.dmelu,,0.0018803902,0.20851903,,0.00029641378,419,0.01,0.0001,20,2,,,10
420,model_type.poincare,activation.dmelu,,0.0018726613,0.20766196,,0.00029471665,420,0.01,0.0001,20,2,,,10
421,model_type.poincare,activation.dmelu,,0.001864916,0.20680305,,0.00029303064,421,0.01,0.0001,20,2,,,10
422,model_type.poincare,activation.dmelu,,0.0018571564,0.20594259,,0.00029135845,422,0.01,0.0001,20,2,,,10
423,model_type.poincare,activation.dmelu,,0.0018495414,0.20509817,,0.00028970023,423,0.01,0.0001,20,2,,,10
424,model_type.poincare,activation.dmelu,,0.0018420583,0.20426834,,0.00028805717,424,0.01,0.0001,20,2,,,10
425,model_type.poincare,activation.dmelu,,0.0018346419,0.20344593,,0.00028642302,425,0.01,0.0001,20,2,,,10
426,model_type.poincare,activation.dmelu,,0.001827281,0.20262967,,0.00028480004,426,0.01,0.0001,20,2,,,10
427,model_type.poincare,activation.dmelu,,0.0018200112,0.2018235,,0.00028319084,427,0.01,0.0001,20,2,,,10
428,model_type.poincare,activation.dmelu,,0.0018127845,0.20102213,,0.00028158876,428,0.01,0.0001,20,2,,,10
429,model_type.poincare,activation.dmelu,,0.0018054887,0.20021309,,0.00027999876,429,0.01,0.0001,20,2,,,10
430,model_type.poincare,activation.dmelu,,0.0017981591,0.1994003,,0.0002784036,430,0.01,0.0001,20,2,,,10
431,model_type.poincare,activation.dmelu,,0.0017909274,0.19859837,,0.0002767977,431,0.01,0.0001,20,2,,,10
432,model_type.poincare,activation.dmelu,,0.0017838512,0.19781367,,0.00027519814,432,0.01,0.0001,20,2,,,10
433,model_type.poincare,activation.dmelu,,0.0017767703,0.19702847,,0.0002736142,433,0.01,0.0001,20,2,,,10
434,model_type.poincare,activation.dmelu,,0.0017696953,0.19624391,,0.0002720442,434,0.01,0.0001,20,2,,,10
435,model_type.poincare,activation.dmelu,,0.0017627672,0.19547565,,0.00027048332,435,0.01,0.0001,20,2,,,10
436,model_type.poincare,activation.dmelu,,0.0017560796,0.19473405,,0.00026893712,436,0.01,0.0001,20,2,,,10
437,model_type.poincare,activation.dmelu,,0.001749411,0.19399455,,0.00026740498,437,0.01,0.0001,20,2,,,10
438,model_type.poincare,activation.dmelu,,0.0017427163,0.19325218,,0.00026588567,438,0.01,0.0001,20,2,,,10
439,model_type.poincare,activation.dmelu,,0.001736063,0.19251439,,0.0002643795,439,0.01,0.0001,20,2,,,10
440,model_type.poincare,activation.dmelu,,0.0017294951,0.19178607,,0.00026285544,440,0.01,0.0001,20,2,,,10
441,model_type.poincare,activation.dmelu,,0.0017231036,0.19107729,,0.00026133808,441,0.01,0.0001,20,2,,,10
442,model_type.poincare,activation.dmelu,,0.0017168121,0.19037963,,0.00025983865,442,0.01,0.0001,20,2,,,10
443,model_type.poincare,activation.dmelu,,0.0017105556,0.18968584,,0.00025835985,443,0.01,0.0001,20,2,,,10
444,model_type.poincare,activation.dmelu,,0.0017043645,0.1889993,,0.0002568952,444,0.01,0.0001,20,2,,,10
445,model_type.poincare,activation.dmelu,,0.0016982227,0.18831822,,0.0002554486,445,0.01,0.0001,20,2,,,10
446,model_type.poincare,activation.dmelu,,0.0016920686,0.1876358,,0.00025402062,446,0.01,0.0001,20,2,,,10
447,model_type.poincare,activation.dmelu,,0.0016858965,0.18695135,,0.00025261389,447,0.01,0.0001,20,2,,,10
448,model_type.poincare,activation.dmelu,,0.0016798441,0.18628019,,0.00025122584,448,0.01,0.0001,20,2,,,10
449,model_type.poincare,activation.dmelu,,0.0016739337,0.18562478,,0.00024985394,449,0.01,0.0001,20,2,,,10
450,model_type.poincare,activation.dmelu,,0.0016680963,0.18497746,,0.0002485,450,0.01,0.0001,20,2,,,10
451,model_type.poincare,activation.dmelu,,0.0016622925,0.18433388,,0.00024716265,451,0.01,0.0001,20,2,,,10
452,model_type.poincare,activation.dmelu,,0.001656584,0.18370084,,0.0002458464,452,0.01,0.0001,20,2,,,10
453,model_type.poincare,activation.dmelu,,0.0016509552,0.18307666,,0.0002445432,453,0.01,0.0001,20,2,,,10
454,model_type.poincare,activation.dmelu,,0.0016453498,0.18245506,,0.00024325508,454,0.01,0.0001,20,2,,,10
455,model_type.poincare,activation.dmelu,,0.001639755,0.18183465,,0.00024197962,455,0.01,0.0001,20,2,,,10
456,model_type.poincare,activation.dmelu,,0.0016342539,0.18122463,,0.00024072127,456,0.01,0.0001,20,2,,,10
457,model_type.poincare,activation.dmelu,,0.0016288587,0.18062636,,0.0002394758,457,0.01,0.0001,20,2,,,10
458,model_type.poincare,activation.dmelu,,0.0016234907,0.18003109,,0.00023824134,458,0.01,0.0001,20,2,,,10
459,model_type.poincare,activation.dmelu,,0.001618139,0.17943762,,0.00023701922,459,0.01,0.0001,20,2,,,10
460,model_type.poincare,activation.dmelu,,0.0016128696,0.17885329,,0.00023581473,460,0.01,0.0001,20,2,,,10
461,model_type.poincare,activation.dmelu,,0.0016076897,0.1782789,,0.00023461971,461,0.01,0.0001,20,2,,,10
462,model_type.poincare,activation.dmelu,,0.0016025765,0.17771187,,0.00023343897,462,0.01,0.0001,20,2,,,10
463,model_type.poincare,activation.dmelu,,0.0015975126,0.17715034,,0.00023227118,463,0.01,0.0001,20,2,,,10
464,model_type.poincare,activation.dmelu,,0.0015925183,0.1765965,,0.00023111487,464,0.01,0.0001,20,2,,,10
465,model_type.poincare,activation.dmelu,,0.0015875729,0.17604811,,0.00022996831,465,0.01,0.0001,20,2,,,10
466,model_type.poincare,activation.dmelu,,0.0015826582,0.1755031,,0.0002288288,466,0.01,0.0001,20,2,,,10
467,model_type.poincare,activation.dmelu,,0.0015778048,0.17496492,,0.0002277023,467,0.01,0.0001,20,2,,,10
468,model_type.poincare,activation.dmelu,,0.0015730502,0.17443767,,0.00022657307,468,0.01,0.0001,20,2,,,10
469,model_type.poincare,activation.dmelu,,0.0015683187,0.17391299,,0.00022538623,469,0.01,0.0001,20,2,,,10
470,model_type.poincare,activation.dmelu,,0.0015635532,0.17338453,,0.00022416988,470,0.01,0.0001,20,2,,,10
471,model_type.poincare,activation.dmelu,,0.0015588056,0.17285806,,0.00022291644,471,0.01,0.0001,20,2,,,10
472,model_type.poincare,activation.dmelu,,0.0015540825,0.17233431,,0.00022167419,472,0.01,0.0001,20,2,,,10
473,model_type.poincare,activation.dmelu,,0.0015493531,0.17180987,,0.00022044219,473,0.01,0.0001,20,2,,,10
474,model_type.poincare,activation.dmelu,,0.0015446328,0.17128643,,0.00021922187,474,0.01,0.0001,20,2,,,10
475,model_type.poincare,activation.dmelu,,0.0015399277,0.17076467,,0.0002180127,475,0.01,0.0001,20,2,,,10
476,model_type.poincare,activation.dmelu,,0.0015352116,0.1702417,,0.00021681737,476,0.01,0.0001,20,2,,,10
477,model_type.poincare,activation.dmelu,,0.0015305508,0.16972485,,0.0002156372,477,0.01,0.0001,20,2,,,10
478,model_type.poincare,activation.dmelu,,0.001525935,0.16921301,,0.00021447224,478,0.01,0.0001,20,2,,,10
479,model_type.poincare,activation.dmelu,,0.001521408,0.16871099,,0.0002133239,479,0.01,0.0001,20,2,,,10
480,model_type.poincare,activation.dmelu,,0.0015169287,0.16821428,,0.0002121884,480,0.01,0.0001,20,2,,,10
481,model_type.poincare,activation.dmelu,,0.0015125028,0.16772349,,0.00021106625,481,0.01,0.0001,20,2,,,10
482,model_type.poincare,activation.dmelu,,0.0015081405,0.16723974,,0.00020995877,482,0.01,0.0001,20,2,,,10
483,model_type.poincare,activation.dmelu,,0.0015037947,0.16675784,,0.00020886015,483,0.01,0.0001,20,2,,,10
484,model_type.poincare,activation.dmelu,,0.0014994836,0.16627976,,0.00020777293,484,0.01,0.0001,20,2,,,10
485,model_type.poincare,activation.dmelu,,0.0014952885,0.16581456,,0.00020669671,485,0.01,0.0001,20,2,,,10
486,model_type.poincare,activation.dmelu,,0.0014911619,0.16535696,,0.00020562611,486,0.01,0.0001,20,2,,,10
487,model_type.poincare,activation.dmelu,,0.0014870795,0.16490427,,0.00020456193,487,0.01,0.0001,20,2,,,10
488,model_type.poincare,activation.dmelu,,0.0014830668,0.16445929,,0.0002035061,488,0.01,0.0001,20,2,,,10
489,model_type.poincare,activation.dmelu,,0.0014790866,0.16401792,,0.00020246528,489,0.01,0.0001,20,2,,,10
490,model_type.poincare,activation.dmelu,,0.0014751186,0.1635779,,0.00020143238,490,0.01,0.0001,20,2,,,10
491,model_type.poincare,activation.dmelu,,0.0014712549,0.16314945,,0.00020041231,491,0.01,0.0001,20,2,,,10
492,model_type.poincare,activation.dmelu,,0.0014675212,0.16273542,,0.00019940374,492,0.01,0.0001,20,2,,,10
493,model_type.poincare,activation.dmelu,,0.0014638265,0.16232571,,0.00019840457,493,0.01,0.0001,20,2,,,10
494,model_type.poincare,activation.dmelu,,0.0014601045,0.16191296,,0.00019741326,494,0.01,0.0001,20,2,,,10
495,model_type.poincare,activation.dmelu,,0.0014564871,0.16151184,,0.00019643219,495,0.01,0.0001,20,2,,,10
496,model_type.poincare,activation.dmelu,,0.0014531016,0.16113642,,0.0001954606,496,0.01,0.0001,20,2,,,10
497,model_type.poincare,activation.dmelu,,0.0014497093,0.16076022,,0.0001945,497,0.01,0.0001,20,2,,,10
498,model_type.poincare,activation.dmelu,,0.0014463392,0.16038652,,0.00019354923,498,0.01,0.0001,20,2,,,10
499,model_type.poincare,activation.dmelu,,0.0014430464,0.16002136,,0.00019260803,499,0.01,0.0001,20,2,,,10
500,model_type.poincare,activation.dmelu,,0.0014397681,0.15965784,,0.00019167358,500,0.01,0.0001,20,2,,,10
501,model_type.poincare,activation.dmelu,,0.0014365074,0.15929626,,0.0001907497,501,0.01,0.0001,20,2,,,10
502,model_type.poincare,activation.dmelu,,0.0014333198,0.15894277,,0.00018983503,502,0.01,0.0001,20,2,,,10
503,model_type.poincare,activation.dmelu,,0.0014302323,0.1586004,,0.00018893067,503,0.01,0.0001,20,2,,,10
504,model_type.poincare,activation.dmelu,,0.0014271276,0.15825611,,0.0001880358,504,0.01,0.0001,20,2,,,10
505,model_type.poincare,activation.dmelu,,0.0014239147,0.15789983,,0.00018716443,505,0.01,0.0001,20,2,,,10
506,model_type.poincare,activation.dmelu,,0.0014206518,0.15753801,,0.00018630155,506,0.01,0.0001,20,2,,,10
507,model_type.poincare,activation.dmelu,,0.0014174639,0.1571845,,0.0001854471,507,0.01,0.0001,20,2,,,10
508,model_type.poincare,activation.dmelu,,0.0014143669,0.15684107,,0.00018460113,508,0.01,0.0001,20,2,,,10
509,model_type.poincare,activation.dmelu,,0.0014113121,0.15650232,,0.00018376157,509,0.01,0.0001,20,2,,,10
510,model_type.poincare,activation.dmelu,,0.0014081242,0.1561488,,0.00018292328,510,0.01,0.0001,20,2,,,10
511,model_type.poincare,activation.dmelu,,0.0014049247,0.15579401,,0.00018209613,511,0.01,0.0001,20,2,,,10
512,model_type.poincare,activation.dmelu,,0.0014018238,0.15545015,,0.00018128206,512,0.01,0.0001,20,2,,,10
513,model_type.poincare,activation.dmelu,,0.0013987925,0.155114,,0.00018047274,513,0.01,0.0001,20,2,,,10
514,model_type.poincare,activation.dmelu,,0.0013957529,0.15477693,,0.0001796784,514,0.01,0.0001,20,2,,,10
515,model_type.poincare,activation.dmelu,,0.0013927694,0.1544461,,0.00017888944,515,0.01,0.0001,20,2,,,10
516,model_type.poincare,activation.dmelu,,0.0013898334,0.1541205,,0.00017811176,516,0.01,0.0001,20,2,,,10
517,model_type.poincare,activation.dmelu,,0.0013869388,0.15379953,,0.00017734698,517,0.01,0.0001,20,2,,,10
518,model_type.poincare,activation.dmelu,,0.001384176,0.15349315,,0.00017659344,518,0.01,0.0001,20,2,,,10
519,model_type.poincare,activation.dmelu,,0.0013814273,0.15318835,,0.00017585134,519,0.01,0.0001,20,2,,,10
520,model_type.poincare,activation.dmelu,,0.0013786205,0.15287709,,0.0001751171,520,0.01,0.0001,20,2,,,10
521,model_type.poincare,activation.dmelu,,0.0013758533,0.15257025,,0.00017438304,521,0.01,0.0001,20,2,,,10
522,model_type.poincare,activation.dmelu,,0.0013732035,0.1522764,,0.00017365182,522,0.01,0.0001,20,2,,,10
523,model_type.poincare,activation.dmelu,,0.0013705582,0.15198305,,0.00017293116,523,0.01,0.0001,20,2,,,10
524,model_type.poincare,activation.dmelu,,0.0013678471,0.15168242,,0.00017222045,524,0.01,0.0001,20,2,,,10
525,model_type.poincare,activation.dmelu,,0.0013651539,0.15138377,,0.00017151688,525,0.01,0.0001,20,2,,,10
526,model_type.poincare,activation.dmelu,,0.0013625146,0.15109108,,0.00017082477,526,0.01,0.0001,20,2,,,10
527,model_type.poincare,activation.dmelu,,0.0013598723,0.15079808,,0.00017012013,527,0.01,0.0001,20,2,,,10
528,model_type.poincare,activation.dmelu,,0.0013573064,0.15051354,,0.0001693834,528,0.01,0.0001,20,2,,,10
529,model_type.poincare,activation.dmelu,,0.0013547426,0.15022925,,0.00016865821,529,0.01,0.0001,20,2,,,10
530,model_type.poincare,activation.dmelu,,0.001352165,0.14994341,,0.00016793587,530,0.01,0.0001,20,2,,,10
531,model_type.poincare,activation.dmelu,,0.0013496934,0.14966933,,0.00016722809,531,0.01,0.0001,20,2,,,10
532,model_type.poincare,activation.dmelu,,0.0013472423,0.14939752,,0.00016652704,532,0.01,0.0001,20,2,,,10
533,model_type.poincare,activation.dmelu,,0.0013447094,0.14911665,,0.00016583475,533,0.01,0.0001,20,2,,,10
534,model_type.poincare,activation.dmelu,,0.001342266,0.1488457,,0.00016515129,534,0.01,0.0001,20,2,,,10
535,model_type.poincare,activation.dmelu,,0.0013399698,0.14859107,,0.00016447902,535,0.01,0.0001,20,2,,,10
536,model_type.poincare,activation.dmelu,,0.001337585,0.14832662,,0.00016381171,536,0.01,0.0001,20,2,,,10
537,model_type.poincare,activation.dmelu,,0.001335121,0.14805338,,0.00016315904,537,0.01,0.0001,20,2,,,10
538,model_type.poincare,activation.dmelu,,0.0013327537,0.14779086,,0.00016251524,538,0.01,0.0001,20,2,,,10
539,model_type.poincare,activation.dmelu,,0.0013304213,0.14753222,,0.00016187663,539,0.01,0.0001,20,2,,,10
540,model_type.poincare,activation.dmelu,,0.0013280587,0.14727023,,0.00016124439,540,0.01,0.0001,20,2,,,10
541,model_type.poincare,activation.dmelu,,0.0013257158,0.14701043,,0.00016062292,541,0.01,0.0001,20,2,,,10
542,model_type.poincare,activation.dmelu,,0.001323329,0.14674576,,0.00016000679,542,0.01,0.0001,20,2,,,10
543,model_type.poincare,activation.dmelu,,0.0013209244,0.1464791,,0.00015939814,543,0.01,0.0001,20,2,,,10
544,model_type.poincare,activation.dmelu,,0.0013186315,0.14622483,,0.00015879676,544,0.01,0.0001,20,2,,,10
545,model_type.poincare,activation.dmelu,,0.0013163745,0.14597456,,0.00015820556,545,0.01,0.0001,20,2,,,10
546,model_type.poincare,activation.dmelu,,0.0013139995,0.14571118,,0.00015762042,546,0.01,0.0001,20,2,,,10
547,model_type.poincare,activation.dmelu,,0.0013116294,0.14544837,,0.00015704248,547,0.01,0.0001,20,2,,,10
548,model_type.poincare,activation.dmelu,,0.0013093492,0.14519551,,0.00015647216,548,0.01,0.0001,20,2,,,10
549,model_type.poincare,activation.dmelu,,0.0013070761,0.14494345,,0.00015590551,549,0.01,0.0001,20,2,,,10
550,model_type.poincare,activation.dmelu,,0.0013047811,0.14468895,,0.00015534568,550,0.01,0.0001,20,2,,,10
551,model_type.poincare,activation.dmelu,,0.0013024698,0.14443263,,0.00015479366,551,0.01,0.0001,20,2,,,10
552,model_type.poincare,activation.dmelu,,0.0013001831,0.14417908,,0.00015424518,552,0.01,0.0001,20,2,,,10
553,model_type.poincare,activation.dmelu,,0.0012979745,0.14393415,,0.00015370322,553,0.01,0.0001,20,2,,,10
554,model_type.poincare,activation.dmelu,,0.0012958013,0.14369316,,0.00015316953,554,0.01,0.0001,20,2,,,10
555,model_type.poincare,activation.dmelu,,0.001293565,0.14344518,,0.0001526417,555,0.01,0.0001,20,2,,,10
556,model_type.poincare,activation.dmelu,,0.001291363,0.143201,,0.00015211853,556,0.01,0.0001,20,2,,,10
557,model_type.poincare,activation.dmelu,,0.0012892451,0.14296614,,0.00015160248,557,0.01,0.0001,20,2,,,10
558,model_type.poincare,activation.dmelu,,0.001287156,0.14273448,,0.00015108768,558,0.01,0.0001,20,2,,,10
559,model_type.poincare,activation.dmelu,,0.0012850784,0.14250408,,0.00015058002,559,0.01,0.0001,20,2,,,10
560,model_type.poincare,activation.dmelu,,0.0012830524,0.14227942,,0.0001500768,560,0.01,0.0001,20,2,,,10
561,model_type.poincare,activation.dmelu,,0.0012810461,0.14205694,,0.000149579,561,0.01,0.0001,20,2,,,10
562,model_type.poincare,activation.dmelu,,0.0012790529,0.14183591,,0.00014908418,562,0.01,0.0001,20,2,,,10
563,model_type.poincare,activation.dmelu,,0.0012770823,0.14161739,,0.00014859618,563,0.01,0.0001,20,2,,,10
564,model_type.poincare,activation.dmelu,,0.0012751109,0.14139877,,0.00014811264,564,0.01,0.0001,20,2,,,10
565,model_type.poincare,activation.dmelu,,0.0012731529,0.14118165,,0.0001476333,565,0.01,0.0001,20,2,,,10
566,model_type.poincare,activation.dmelu,,0.001271227,0.14096808,,0.00014715518,566,0.01,0.0001,20,2,,,10
567,model_type.poincare,activation.dmelu,,0.0012692891,0.14075318,,0.00014668185,567,0.01,0.0001,20,2,,,10
568,model_type.poincare,activation.dmelu,,0.001267343,0.14053738,,0.00014621414,568,0.01,0.0001,20,2,,,10
569,model_type.poincare,activation.dmelu,,0.0012654283,0.14032505,,0.00014575088,569,0.01,0.0001,20,2,,,10
570,model_type.poincare,activation.dmelu,,0.001263522,0.14011367,,0.00014528677,570,0.01,0.0001,20,2,,,10
571,model_type.poincare,activation.dmelu,,0.0012617378,0.13991581,,0.00014483128,571,0.01,0.0001,20,2,,,10
572,model_type.poincare,activation.dmelu,,0.0012599595,0.13971862,,0.00014437424,572,0.01,0.0001,20,2,,,10
573,model_type.poincare,activation.dmelu,,0.0012581904,0.13952243,,0.00014392371,573,0.01,0.0001,20,2,,,10
574,model_type.poincare,activation.dmelu,,0.0012564437,0.13932875,,0.00014347723,574,0.01,0.0001,20,2,,,10
575,model_type.poincare,activation.dmelu,,0.0012546934,0.13913465,,0.00014303197,575,0.01,0.0001,20,2,,,10
576,model_type.poincare,activation.dmelu,,0.001252939,0.13894011,,0.00014259187,576,0.01,0.0001,20,2,,,10
577,model_type.poincare,activation.dmelu,,0.0012512307,0.13875067,,0.00014215354,577,0.01,0.0001,20,2,,,10
578,model_type.poincare,activation.dmelu,,0.00124954,0.13856319,,0.00014171917,578,0.01,0.0001,20,2,,,10
579,model_type.poincare,activation.dmelu,,0.0012478331,0.13837391,,0.00014128808,579,0.01,0.0001,20,2,,,10
580,model_type.poincare,activation.dmelu,,0.0012461387,0.13818601,,0.00014085948,580,0.01,0.0001,20,2,,,10
581,model_type.poincare,activation.dmelu,,0.0012444658,0.1380005,,0.00014043692,581,0.01,0.0001,20,2,,,10
582,model_type.poincare,activation.dmelu,,0.0012427989,0.13781565,,0.0001400151,582,0.01,0.0001,20,2,,,10
583,model_type.poincare,activation.dmelu,,0.0012411556,0.13763343,,0.00013959908,583,0.01,0.0001,20,2,,,10
584,model_type.poincare,activation.dmelu,,0.0012394952,0.13744931,,0.0001391835,584,0.01,0.0001,20,2,,,10
585,model_type.poincare,activation.dmelu,,0.0012378319,0.13726486,,0.00013877306,585,0.01,0.0001,20,2,,,10
586,model_type.poincare,activation.dmelu,,0.0012361844,0.13708216,,0.00013836473,586,0.01,0.0001,20,2,,,10
587,model_type.poincare,activation.dmelu,,0.0012345708,0.13690323,,0.00013796262,587,0.01,0.0001,20,2,,,10
588,model_type.poincare,activation.dmelu,,0.001233023,0.1367316,,0.00013756173,588,0.01,0.0001,20,2,,,10
589,model_type.poincare,activation.dmelu,,0.0012314991,0.13656262,,0.00013716181,589,0.01,0.0001,20,2,,,10
590,model_type.poincare,activation.dmelu,,0.0012299838,0.13639456,,0.0001367691,590,0.01,0.0001,20,2,,,10
591,model_type.poincare,activation.dmelu,,0.0012284665,0.13622631,,0.00013637866,591,0.01,0.0001,20,2,,,10
592,model_type.poincare,activation.dmelu,,0.0012269564,0.13605885,,0.00013599248,592,0.01,0.0001,20,2,,,10
593,model_type.poincare,activation.dmelu,,0.0012254475,0.13589154,,0.00013560832,593,0.01,0.0001,20,2,,,10
594,model_type.poincare,activation.dmelu,,0.0012239503,0.13572551,,0.00013522875,594,0.01,0.0001,20,2,,,10
595,model_type.poincare,activation.dmelu,,0.0012224567,0.13555989,,0.00013485044,595,0.01,0.0001,20,2,,,10
596,model_type.poincare,activation.dmelu,,0.0012209469,0.13539246,,0.00013447806,596,0.01,0.0001,20,2,,,10
597,model_type.poincare,activation.dmelu,,0.0012194565,0.13522719,,0.0001341069,597,0.01,0.0001,20,2,,,10
598,model_type.poincare,activation.dmelu,,0.0012179776,0.13506319,,0.00013373906,598,0.01,0.0001,20,2,,,10
599,model_type.poincare,activation.dmelu,,0.0012164896,0.13489819,,0.00013337441,599,0.01,0.0001,20,2,,,10
600,model_type.poincare,activation.dmelu,,0.0012150026,0.13473329,,0.00013301341,600,0.01,0.0001,20,2,,,10
601,model_type.poincare,activation.dmelu,,0.0012135284,0.13456981,,0.00013265484,601,0.01,0.0001,20,2,,,10
602,model_type.poincare,activation.dmelu,,0.0012120518,0.13440607,,0.00013229906,602,0.01,0.0001,20,2,,,10
603,model_type.poincare,activation.dmelu,,0.0012105944,0.13424446,,0.0001319472,603,0.01,0.0001,20,2,,,10
604,model_type.poincare,activation.dmelu,,0.0012091203,0.13408099,,0.00013159728,604,0.01,0.0001,20,2,,,10
605,model_type.poincare,activation.dmelu,,0.0012076604,0.1339191,,0.00013124845,605,0.01,0.0001,20,2,,,10
606,model_type.poincare,activation.dmelu,,0.0012062086,0.13375811,,0.00013090583,606,0.01,0.0001,20,2,,,10
607,model_type.poincare,activation.dmelu,,0.0012047467,0.13359599,,0.0001305632,607,0.01,0.0001,20,2,,,10
608,model_type.poincare,activation.dmelu,,0.0012033088,0.13343655,,0.0001302241,608,0.01,0.0001,20,2,,,10
609,model_type.poincare,activation.dmelu,,0.0012018612,0.13327602,,0.00012988927,609,0.01,0.0001,20,2,,,10
610,model_type.poincare,activation.dmelu,,0.0012004153,0.13311568,,0.00012955407,610,0.01,0.0001,20,2,,,10
611,model_type.poincare,activation.dmelu,,0.001198987,0.1329573,,0.0001292238,611,0.01,0.0001,20,2,,,10
612,model_type.poincare,activation.dmelu,,0.0011975428,0.13279714,,0.00012889442,612,0.01,0.0001,20,2,,,10
613,model_type.poincare,activation.dmelu,,0.0011961246,0.13263988,,0.00012856853,613,0.01,0.0001,20,2,,,10
614,model_type.poincare,activation.dmelu,,0.001194704,0.13248235,,0.00012824425,614,0.01,0.0001,20,2,,,10
615,model_type.poincare,activation.dmelu,,0.0011932797,0.13232441,,0.00012792271,615,0.01,0.0001,20,2,,,10
616,model_type.poincare,activation.dmelu,,0.0011918711,0.1321682,,0.00012760403,616,0.01,0.0001,20,2,,,10
617,model_type.poincare,activation.dmelu,,0.0011904521,0.13201085,,0.000127287,617,0.01,0.0001,20,2,,,10
618,model_type.poincare,activation.dmelu,,0.001189054,0.13185582,,0.00012697322,618,0.01,0.0001,20,2,,,10
619,model_type.poincare,activation.dmelu,,0.0011876539,0.13170055,,0.00012666112,619,0.01,0.0001,20,2,,,10
620,model_type.poincare,activation.dmelu,,0.001186259,0.13154587,,0.00012635184,620,0.01,0.0001,20,2,,,10
621,model_type.poincare,activation.dmelu,,0.0011849204,0.13139744,,0.00012604588,621,0.01,0.0001,20,2,,,10
622,model_type.poincare,activation.dmelu,,0.0011835549,0.131246,,0.00012573936,622,0.01,0.0001,20,2,,,10
623,model_type.poincare,activation.dmelu,,0.0011822158,0.13109751,,0.00012543742,623,0.01,0.0001,20,2,,,10
624,model_type.poincare,activation.dmelu,,0.0011808701,0.13094829,,0.00012513489,624,0.01,0.0001,20,2,,,10
625,model_type.poincare,activation.dmelu,,0.001179535,0.13080023,,0.00012483732,625,0.01,0.0001,20,2,,,10
626,model_type.poincare,activation.dmelu,,0.0011782021,0.13065243,,0.00012454006,626,0.01,0.0001,20,2,,,10
627,model_type.poincare,activation.dmelu,,0.001176867,0.13050438,,0.00012424566,627,0.01,0.0001,20,2,,,10
628,model_type.poincare,activation.dmelu,,0.0011755518,0.13035853,,0.0001239527,628,0.01,0.0001,20,2,,,10
629,model_type.poincare,activation.dmelu,,0.0011742213,0.130211,,0.00012366255,629,0.01,0.0001,20,2,,,10
630,model_type.poincare,activation.dmelu,,0.0011729095,0.13006553,,0.00012337408,630,0.01,0.0001,20,2,,,10
631,model_type.poincare,activation.dmelu,,0.0011716067,0.12992106,,0.00012308914,631,0.01,0.0001,20,2,,,10
632,model_type.poincare,activation.dmelu,,0.0011702835,0.12977433,,0.0001228048,632,0.01,0.0001,20,2,,,10
633,model_type.poincare,activation.dmelu,,0.0011689932,0.12963124,,0.00012252186,633,0.01,0.0001,20,2,,,10
634,model_type.poincare,activation.dmelu,,0.0011676782,0.12948541,,0.00012224192,634,0.01,0.0001,20,2,,,10
635,model_type.poincare,activation.dmelu,,0.0011663823,0.12934172,,0.000121962374,635,0.01,0.0001,20,2,,,10
636,model_type.poincare,activation.dmelu,,0.0011651042,0.12919998,,0.00012168668,636,0.01,0.0001,20,2,,,10
637,model_type.poincare,activation.dmelu,,0.0011638064,0.12905607,,0.00012141197,637,0.01,0.0001,20,2,,,10
638,model_type.poincare,activation.dmelu,,0.0011625321,0.12891476,,0.00012114125,638,0.01,0.0001,20,2,,,10
639,model_type.poincare,activation.dmelu,,0.001161244,0.12877192,,0.00012087083,639,0.01,0.0001,20,2,,,10
640,model_type.poincare,activation.dmelu,,0.0011599706,0.12863071,,0.00012060063,640,0.01,0.0001,20,2,,,10
641,model_type.poincare,activation.dmelu,,0.0011586923,0.12848896,,0.0001203354,641,0.01,0.0001,20,2,,,10
642,model_type.poincare,activation.dmelu,,0.0011574259,0.12834853,,0.00012007017,642,0.01,0.0001,20,2,,,10
643,model_type.poincare,activation.dmelu,,0.0011561636,0.12820855,,0.00011980661,643,0.01,0.0001,20,2,,,10
644,model_type.poincare,activation.dmelu,,0.0011548912,0.12806745,,0.00011954557,644,0.01,0.0001,20,2,,,10
645,model_type.poincare,activation.dmelu,,0.001153648,0.1279296,,0.00011928615,645,0.01,0.0001,20,2,,,10
646,model_type.poincare,activation.dmelu,,0.001152385,0.12778954,,0.00011902845,646,0.01,0.0001,20,2,,,10
647,model_type.poincare,activation.dmelu,,0.0011511332,0.12765072,,0.00011877117,647,0.01,0.0001,20,2,,,10
648,model_type.poincare,activation.dmelu,,0.0011498801,0.12751177,,0.00011851573,648,0.01,0.0001,20,2,,,10
649,model_type.poincare,activation.dmelu,,0.00114864,0.12737425,,0.000118262855,649,0.01,0.0001,20,2,,,10
650,model_type.poincare,activation.dmelu,,0.0011473965,0.12723635,,0.00011800924,650,0.01,0.0001,20,2,,,10
651,model_type.poincare,activation.dmelu,,0.0011461545,0.12709862,,0.00011775929,651,0.01,0.0001,20,2,,,10
652,model_type.poincare,activation.dmelu,,0.0011449285,0.12696268,,0.00011750929,652,0.01,0.0001,20,2,,,10
653,model_type.poincare,activation.dmelu,,0.0011436846,0.12682474,,0.00011726287,653,0.01,0.0001,20,2,,,10
654,model_type.poincare,activation.dmelu,,0.0011424844,0.12669164,,0.00011701539,654,0.01,0.0001,20,2,,,10
655,model_type.poincare,activation.dmelu,,0.0011412394,0.1265536,,0.00011677016,655,0.01,0.0001,20,2,,,10
656,model_type.poincare,activation.dmelu,,0.0011400654,0.1264234,,0.00011652685,656,0.01,0.0001,20,2,,,10
657,model_type.poincare,activation.dmelu,,0.0011388232,0.12628566,,0.00011628558,657,0.01,0.0001,20,2,,,10
658,model_type.poincare,activation.dmelu,,0.0011376482,0.12615536,,0.000116044685,658,0.01,0.0001,20,2,,,10
659,model_type.poincare,activation.dmelu,,0.001136402,0.12601717,,0.00011580442,659,0.01,0.0001,20,2,,,10
660,model_type.poincare,activation.dmelu,,0.0011352573,0.12589023,,0.00011556623,660,0.01,0.0001,20,2,,,10
661,model_type.poincare,activation.dmelu,,0.0011340014,0.12575096,,0.00011532981,661,0.01,0.0001,20,2,,,10
662,model_type.poincare,activation.dmelu,,0.0011328991,0.12562871,,0.00011509551,662,0.01,0.0001,20,2,,,10
663,model_type.poincare,activation.dmelu,,0.001131605,0.12548521,,0.00011486124,663,0.01,0.0001,20,2,,,10
664,model_type.poincare,activation.dmelu,,0.0011305624,0.1253696,,0.00011462912,664,0.01,0.0001,20,2,,,10
665,model_type.poincare,activation.dmelu,,0.0011291949,0.12521794,,0.00011439542,665,0.01,0.0001,20,2,,,10
666,model_type.poincare,activation.dmelu,,0.0011282874,0.12511732,,0.00011416933,666,0.01,0.0001,20,2,,,10
667,model_type.poincare,activation.dmelu,,0.001126751,0.124946944,,0.000113937764,667,0.01,0.0001,20,2,,,10
668,model_type.poincare,activation.dmelu,,0.0011261011,0.12487488,,0.00011371347,668,0.01,0.0001,20,2,,,10
669,model_type.poincare,activation.dmelu,,0.0011242086,0.124665014,,0.00011348343,669,0.01,0.0001,20,2,,,10
670,model_type.poincare,activation.dmelu,,0.0011241075,0.12465381,,0.000113269336,670,0.01,0.0001,20,2,,,10
671,model_type.poincare,activation.dmelu,,0.0011213631,0.12434948,,0.00011303082,671,0.01,0.0001,20,2,,,10
672,model_type.poincare,activation.dmelu,,0.0011224789,0.12447321,,0.000112826936,672,0.01,0.0001,20,2,,,10
673,model_type.poincare,activation.dmelu,,0.00111784,0.12395879,,0.00011259152,673,0.01,0.0001,20,2,,,10
674,model_type.poincare,activation.dmelu,,0.0011220673,0.12442757,,0.000112451824,674,0.01,0.0001,20,2,,,10
675,model_type.poincare,activation.dmelu,,0.0011128179,0.12340189,,0.00011228048,675,0.01,0.0001,20,2,,,10
676,model_type.poincare,activation.dmelu,,0.0011252625,0.124781884,,0.00011244254,676,0.01,0.0001,20,2,,,10
677,model_type.poincare,activation.dmelu,,0.0011052411,0.122561686,,0.00011280675,677,0.01,0.0001,20,2,,,10
678,model_type.poincare,activation.dmelu,,0.0011411657,0.12654541,,0.000114701084,678,0.01,0.0001,20,2,,,10
679,model_type.poincare,activation.dmelu,,0.0010986038,0.121825665,,0.00011880772,679,0.01,0.0001,20,2,,,10
680,model_type.poincare,activation.dmelu,,0.0011949243,0.13250679,,0.00013017979,680,0.01,0.0001,20,2,,,10
681,model_type.poincare,activation.dmelu,,0.0011063097,0.12268019,,0.00015019244,681,0.01,0.0001,20,2,,,10
682,model_type.poincare,activation.dmelu,,0.0012478234,0.13837282,,0.00017807954,682,0.01,0.0001,20,2,,,10
683,model_type.poincare,activation.dmelu,,0.0010884758,0.12070256,,0.00018611812,683,0.01,0.0001,20,2,,,10
684,model_type.poincare,activation.dmelu,,0.0011581563,0.12842953,,0.00016562613,684,0.01,0.0001,20,2,,,10
685,model_type.poincare,activation.dmelu,,0.001113502,0.12347774,,0.00012847528,685,0.01,0.0001,20,2,,,10
686,model_type.poincare,activation.dmelu,,0.0010819684,0.119980946,,0.00011178064,686,0.01,0.0001,20,2,,,10
687,model_type.poincare,activation.dmelu,,0.0011910815,0.13208064,,0.00012922334,687,0.01,0.0001,20,2,,,10
688,model_type.poincare,activation.dmelu,,0.0010837027,0.12017326,,0.00015068545,688,0.01,0.0001,20,2,,,10
689,model_type.poincare,activation.dmelu,,0.0011334966,0.12569498,,0.00014352395,689,0.01,0.0001,20,2,,,10
690,model_type.poincare,activation.dmelu,,0.0011094664,0.12303024,,0.000118075244,690,0.01,0.0001,20,2,,,10
691,model_type.poincare,activation.dmelu,,0.0010837667,0.12018036,,0.00011124055,691,0.01,0.0001,20,2,,,10
692,model_type.poincare,activation.dmelu,,0.0011610908,0.12875493,,0.00012380905,692,0.01,0.0001,20,2,,,10
693,model_type.poincare,activation.dmelu,,0.0010789611,0.11964746,,0.00013304969,693,0.01,0.0001,20,2,,,10
694,model_type.poincare,activation.dmelu,,0.001115684,0.123719715,,0.00012667898,694,0.01,0.0001,20,2,,,10
695,model_type.poincare,activation.dmelu,,0.0011083287,0.12290407,,0.00011150761,695,0.01,0.0001,20,2,,,10
696,model_type.poincare,activation.dmelu,,0.0010766884,0.119395435,,0.0001099272,696,0.01,0.0001,20,2,,,10
697,model_type.poincare,activation.dmelu,,0.0011411759,0.12654655,,0.00012054663,697,0.01,0.0001,20,2,,,10
698,model_type.poincare,activation.dmelu,,0.0010763475,0.11935764,,0.00012286795,698,0.01,0.0001,20,2,,,10
699,model_type.poincare,activation.dmelu,,0.0010975167,0.12170512,,0.00011529543,699,0.01,0.0001,20,2,,,10
700,model_type.poincare,activation.dmelu,,0.0011086111,0.12293539,,0.00010866755,700,0.01,0.0001,20,2,,,10
701,model_type.poincare,activation.dmelu,,0.0010729375,0.1189795,,0.000109939014,701,0.01,0.0001,20,2,,,10
702,model_type.poincare,activation.dmelu,,0.0011200752,0.12420666,,0.00011548279,702,0.01,0.0001,20,2,,,10
703,model_type.poincare,activation.dmelu,,0.0010773033,0.11946362,,0.00011599698,703,0.01,0.0001,20,2,,,10
704,model_type.poincare,activation.dmelu,,0.0010886888,0.12072618,,0.000110536654,704,0.01,0.0001,20,2,,,10
705,model_type.poincare,activation.dmelu,,0.0010982602,0.12178756,,0.000106432686,705,0.01,0.0001,20,2,,,10
706,model_type.poincare,activation.dmelu,,0.0010720685,0.118883125,,0.000108551925,706,0.01,0.0001,20,2,,,10
707,model_type.poincare,activation.dmelu,,0.0011081942,0.12288916,,0.00011176106,707,0.01,0.0001,20,2,,,10
708,model_type.poincare,activation.dmelu,,0.0010715516,0.11882581,,0.0001110219,708,0.01,0.0001,20,2,,,10
709,model_type.poincare,activation.dmelu,,0.0010853203,0.12035263,,0.00010821598,709,0.01,0.0001,20,2,,,10
710,model_type.poincare,activation.dmelu,,0.0010907729,0.120957285,,0.00010563168,710,0.01,0.0001,20,2,,,10
711,model_type.poincare,activation.dmelu,,0.0010670564,0.118327335,,0.00010612486,711,0.01,0.0001,20,2,,,10
712,model_type.poincare,activation.dmelu,,0.0010982887,0.12179072,,0.000108414104,712,0.01,0.0001,20,2,,,10
713,model_type.poincare,activation.dmelu,,0.0010685611,0.11849419,,0.00010837652,713,0.01,0.0001,20,2,,,10
714,model_type.poincare,activation.dmelu,,0.0010807281,0.11984341,,0.000106541964,714,0.01,0.0001,20,2,,,10
715,model_type.poincare,activation.dmelu,,0.0010805393,0.11982247,,0.00010474266,715,0.01,0.0001,20,2,,,10
716,model_type.poincare,activation.dmelu,,0.0010667789,0.11829656,,0.00010453986,716,0.01,0.0001,20,2,,,10
717,model_type.poincare,activation.dmelu,,0.001087839,0.12063195,,0.00010545063,717,0.01,0.0001,20,2,,,10
718,model_type.poincare,activation.dmelu,,0.0010636508,0.11794968,,0.00010600932,718,0.01,0.0001,20,2,,,10
719,model_type.poincare,activation.dmelu,,0.0010795506,0.11971283,,0.00010565553,719,0.01,0.0001,20,2,,,10
720,model_type.poincare,activation.dmelu,,0.0010693829,0.11858532,,0.000104158156,720,0.01,0.0001,20,2,,,10
721,model_type.poincare,activation.dmelu,,0.0010668971,0.11830966,,0.00010331247,721,0.01,0.0001,20,2,,,10
722,model_type.poincare,activation.dmelu,,0.001077116,0.11944286,,0.00010338368,722,0.01,0.0001,20,2,,,10
723,model_type.poincare,activation.dmelu,,0.0010598851,0.117532104,,0.000103738515,723,0.01,0.0001,20,2,,,10
724,model_type.poincare,activation.dmelu,,0.0010772597,0.11945879,,0.00010406418,724,0.01,0.0001,20,2,,,10
725,model_type.poincare,activation.dmelu,,0.0010601679,0.11756346,,0.00010367719,725,0.01,0.0001,20,2,,,10
726,model_type.poincare,activation.dmelu,,0.001068397,0.11847599,,0.00010304352,726,0.01,0.0001,20,2,,,10
727,model_type.poincare,activation.dmelu,,0.0010652953,0.11813204,,0.00010226089,727,0.01,0.0001,20,2,,,10
728,model_type.poincare,activation.dmelu,,0.0010592144,0.11745772,,0.00010201396,728,0.01,0.0001,20,2,,,10
729,model_type.poincare,activation.dmelu,,0.0010694709,0.11859508,,0.00010214087,729,0.01,0.0001,20,2,,,10
730,model_type.poincare,activation.dmelu,,0.0010549075,0.11698012,,0.0001021911,730,0.01,0.0001,20,2,,,10
731,model_type.poincare,activation.dmelu,,0.0010676775,0.11839621,,0.00010227342,731,0.01,0.0001,20,2,,,10
732,model_type.poincare,activation.dmelu,,0.0010551924,0.11701172,,0.000101968486,732,0.01,0.0001,20,2,,,10
733,model_type.poincare,activation.dmelu,,0.0010618742,0.11775267,,0.00010160755,733,0.01,0.0001,20,2,,,10
734,model_type.poincare,activation.dmelu,,0.0010567652,0.11718613,,0.00010110004,734,0.01,0.0001,20,2,,,10
735,model_type.poincare,activation.dmelu,,0.0010562561,0.117129676,,0.00010083087,735,0.01,0.0001,20,2,,,10
736,model_type.poincare,activation.dmelu,,0.0010587794,0.11740949,,0.000100677,736,0.01,0.0001,20,2,,,10
737,model_type.poincare,activation.dmelu,,0.0010509236,0.116538346,,0.00010058509,737,0.01,0.0001,20,2,,,10
738,model_type.poincare,activation.dmelu,,0.0010600068,0.11754559,,0.00010061108,738,0.01,0.0001,20,2,,,10
739,model_type.poincare,activation.dmelu,,0.001048081,0.11622312,,0.000100514044,739,0.01,0.0001,20,2,,,10
740,model_type.poincare,activation.dmelu,,0.001057915,0.11731363,,0.00010046093,740,0.01,0.0001,20,2,,,10
741,model_type.poincare,activation.dmelu,,0.0010474669,0.11615502,,0.00010018683,741,0.01,0.0001,20,2,,,10
742,model_type.poincare,activation.dmelu,,0.0010543009,0.11691286,,0.000100011996,742,0.01,0.0001,20,2,,,10
743,model_type.poincare,activation.dmelu,,0.0010470964,0.116113946,,9.9713725e-05,743,0.01,0.0001,20,2,,,10
744,model_type.poincare,activation.dmelu,,0.0010508815,0.116533674,,9.949835e-05,744,0.01,0.0001,20,2,,,10
745,model_type.poincare,activation.dmelu,,0.0010467165,0.11607181,,9.923704e-05,745,0.01,0.0001,20,2,,,10
746,model_type.poincare,activation.dmelu,,0.0010474948,0.11615812,,9.906898e-05,746,0.01,0.0001,20,2,,,10
747,model_type.poincare,activation.dmelu,,0.0010466026,0.116059184,,9.889391e-05,747,0.01,0.0001,20,2,,,10
748,model_type.poincare,activation.dmelu,,0.001044089,0.11578044,,9.874305e-05,748,0.01,0.0001,20,2,,,10
749,model_type.poincare,activation.dmelu,,0.001046437,0.11604081,,9.861597e-05,749,0.01,0.0001,20,2,,,10
750,model_type.poincare,activation.dmelu,,0.0010411377,0.115453176,,9.847995e-05,750,0.01,0.0001,20,2,,,10
751,model_type.poincare,activation.dmelu,,0.001045725,0.11596186,,9.839976e-05,751,0.01,0.0001,20,2,,,10
752,model_type.poincare,activation.dmelu,,0.0010384442,0.11515449,,9.826176e-05,752,0.01,0.0001,20,2,,,10
753,model_type.poincare,activation.dmelu,,0.0010454172,0.115927726,,9.82196e-05,753,0.01,0.0001,20,2,,,10
754,model_type.poincare,activation.dmelu,,0.001035218,0.11479673,,9.8121796e-05,754,0.01,0.0001,20,2,,,10
755,model_type.poincare,activation.dmelu,,0.0010461272,0.116006464,,9.817727e-05,755,0.01,0.0001,20,2,,,10
756,model_type.poincare,activation.dmelu,,0.0010312474,0.11435643,,9.8174176e-05,756,0.01,0.0001,20,2,,,10
757,model_type.poincare,activation.dmelu,,0.0010487486,0.116297156,,9.846823e-05,757,0.01,0.0001,20,2,,,10
758,model_type.poincare,activation.dmelu,,0.001026024,0.11377719,,9.879288e-05,758,0.01,0.0001,20,2,,,10
759,model_type.poincare,activation.dmelu,,0.0010558271,0.117082104,,9.979979e-05,759,0.01,0.0001,20,2,,,10
760,model_type.poincare,activation.dmelu,,0.0010193432,0.11303634,,0.000101225225,760,0.01,0.0001,20,2,,,10
761,model_type.poincare,activation.dmelu,,0.0010733902,0.1190297,,0.000104481995,761,0.01,0.0001,20,2,,,10
762,model_type.poincare,activation.dmelu,,0.0010140863,0.11245341,,0.000109694876,762,0.01,0.0001,20,2,,,10
763,model_type.poincare,activation.dmelu,,0.0011163922,0.12379824,,0.00012025991,763,0.01,0.0001,20,2,,,10
764,model_type.poincare,activation.dmelu,,0.0010223611,0.11337101,,0.0001373951,764,0.01,0.0001,20,2,,,10
765,model_type.poincare,activation.dmelu,,0.0012033401,0.13344002,,0.00016741417,765,0.01,0.0001,20,2,,,10
766,model_type.poincare,activation.dmelu,,0.0010545087,0.1169359,,0.00020684733,766,0.01,0.0001,20,2,,,10
767,model_type.poincare,activation.dmelu,,0.0012627662,0.14002986,,0.00024998857,767,0.01,0.0001,20,2,,,10
768,model_type.poincare,activation.dmelu,,0.0010399799,0.11532478,,0.00026164274,768,0.01,0.0001,20,2,,,10
769,model_type.poincare,activation.dmelu,,0.001129228,0.12522162,,0.00022504102,769,0.01,0.0001,20,2,,,10
770,model_type.poincare,activation.dmelu,,0.0010150285,0.11255788,,0.0001507424,770,0.01,0.0001,20,2,,,10
771,model_type.poincare,activation.dmelu,,0.0010086937,0.11185542,,0.00010060405,771,0.01,0.0001,20,2,,,10
772,model_type.poincare,activation.dmelu,,0.0011263987,0.12490788,,0.00010870707,772,0.01,0.0001,20,2,,,10
773,model_type.poincare,activation.dmelu,,0.0010169824,0.11277455,,0.00015151665,773,0.01,0.0001,20,2,,,10
774,model_type.poincare,activation.dmelu,,0.0011305218,0.1253651,,0.00017742287,774,0.01,0.0001,20,2,,,10
775,model_type.poincare,activation.dmelu,,0.0010040645,0.11134207,,0.00015488149,775,0.01,0.0001,20,2,,,10
776,model_type.poincare,activation.dmelu,,0.0010205338,0.11316838,,0.00011314827,776,0.01,0.0001,20,2,,,10
777,model_type.poincare,activation.dmelu,,0.0010717926,0.11885253,,9.648651e-05,777,0.01,0.0001,20,2,,,10
778,model_type.poincare,activation.dmelu,,0.0010025743,0.111176826,,0.000115308656,778,0.01,0.0001,20,2,,,10
779,model_type.poincare,activation.dmelu,,0.001100967,0.12208773,,0.00013899412,779,0.01,0.0001,20,2,,,10
780,model_type.poincare,activation.dmelu,,0.001000114,0.110904,,0.00013593204,780,0.01,0.0001,20,2,,,10
781,model_type.poincare,activation.dmelu,,0.0010238033,0.113530934,,0.00011265182,781,0.01,0.0001,20,2,,,10
782,model_type.poincare,activation.dmelu,,0.0010438411,0.11575296,,9.586245e-05,782,0.01,0.0001,20,2,,,10
783,model_type.poincare,activation.dmelu,,0.0009974351,0.11060693,,0.00010219093,783,0.01,0.0001,20,2,,,10
784,model_type.poincare,activation.dmelu,,0.0010767498,0.119402245,,0.00011820876,784,0.01,0.0001,20,2,,,10
785,model_type.poincare,activation.dmelu,,0.0009977212,0.11063866,,0.00012102531,785,0.01,0.0001,20,2,,,10
786,model_type.poincare,activation.dmelu,,0.0010259377,0.113767624,,0.00010918673,786,0.01,0.0001,20,2,,,10
787,model_type.poincare,activation.dmelu,,0.0010253721,0.1137049,,9.6547825e-05,787,0.01,0.0001,20,2,,,10
788,model_type.poincare,activation.dmelu,,0.0009959748,0.11044499,,9.6325566e-05,788,0.01,0.0001,20,2,,,10
789,model_type.poincare,activation.dmelu,,0.001055526,0.1170487,,0.00010515782,789,0.01,0.0001,20,2,,,10
790,model_type.poincare,activation.dmelu,,0.0009947625,0.11031057,,0.00011025032,790,0.01,0.0001,20,2,,,10
791,model_type.poincare,activation.dmelu,,0.0010287602,0.114080615,,0.00010639811,791,0.01,0.0001,20,2,,,10
792,model_type.poincare,activation.dmelu,,0.0010101021,0.11201159,,9.768848e-05,792,0.01,0.0001,20,2,,,10
793,model_type.poincare,activation.dmelu,,0.0009984678,0.11072145,,9.383594e-05,793,0.01,0.0001,20,2,,,10
794,model_type.poincare,activation.dmelu,,0.0010370865,0.11500393,,9.702047e-05,794,0.01,0.0001,20,2,,,10
795,model_type.poincare,activation.dmelu,,0.0009908976,0.10988198,,0.000101740734,795,0.01,0.0001,20,2,,,10
796,model_type.poincare,activation.dmelu,,0.0010295758,0.11417106,,0.000102762686,796,0.01,0.0001,20,2,,,10
797,model_type.poincare,activation.dmelu,,0.0009982142,0.11069333,,9.874722e-05,797,0.01,0.0001,20,2,,,10
798,model_type.poincare,activation.dmelu,,0.0010033123,0.11125866,,9.442886e-05,798,0.01,0.0001,20,2,,,10
799,model_type.poincare,activation.dmelu,,0.0010178472,0.11287046,,9.301354e-05,799,0.01,0.0001,20,2,,,10
800,model_type.poincare,activation.dmelu,,0.0009906635,0.109856024,,9.4908384e-05,800,0.01,0.0001,20,2,,,10
801,model_type.poincare,activation.dmelu,,0.0010252129,0.113687254,,9.761068e-05,801,0.01,0.0001,20,2,,,10
802,model_type.poincare,activation.dmelu,,0.0009901077,0.10979438,,9.788743e-05,802,0.01,0.0001,20,2,,,10
803,model_type.poincare,activation.dmelu,,0.0010110602,0.112117834,,9.6077536e-05,803,0.01,0.0001,20,2,,,10
804,model_type.poincare,activation.dmelu,,0.0009993849,0.11082315,,9.3361065e-05,804,0.01,0.0001,20,2,,,10
805,model_type.poincare,activation.dmelu,,0.0009942645,0.11025534,,9.207791e-05,805,0.01,0.0001,20,2,,,10
806,model_type.poincare,activation.dmelu,,0.0010120244,0.11222475,,9.2548e-05,806,0.01,0.0001,20,2,,,10
807,model_type.poincare,activation.dmelu,,0.0009873128,0.10948445,,9.3772134e-05,807,0.01,0.0001,20,2,,,10
808,model_type.poincare,activation.dmelu,,0.0010132499,0.11236065,,9.479348e-05,808,0.01,0.0001,20,2,,,10
809,model_type.poincare,activation.dmelu,,0.0009880295,0.10956393,,9.4454e-05,809,0.01,0.0001,20,2,,,10
810,model_type.poincare,activation.dmelu,,0.0010031927,0.1112454,,9.339563e-05,810,0.01,0.0001,20,2,,,10
811,model_type.poincare,activation.dmelu,,0.0009937584,0.11019922,,9.197481e-05,811,0.01,0.0001,20,2,,,10
812,model_type.poincare,activation.dmelu,,0.0009923171,0.11003939,,9.120914e-05,812,0.01,0.0001,20,2,,,10
813,model_type.poincare,activation.dmelu,,0.0010009954,0.11100174,,9.116614e-05,813,0.01,0.0001,20,2,,,10
814,model_type.poincare,activation.dmelu,,0.0009856838,0.10930381,,9.1588794e-05,814,0.01,0.0001,20,2,,,10
815,model_type.poincare,activation.dmelu,,0.0010041456,0.111351065,,9.218707e-05,815,0.01,0.0001,20,2,,,10
816,model_type.poincare,activation.dmelu,,0.0009835897,0.1090716,,9.234598e-05,816,0.01,0.0001,20,2,,,10
817,model_type.poincare,activation.dmelu,,0.0010010102,0.11100338,,9.227068e-05,817,0.01,0.0001,20,2,,,10
818,model_type.poincare,activation.dmelu,,0.0009845464,0.109177686,,9.166344e-05,818,0.01,0.0001,20,2,,,10
819,model_type.poincare,activation.dmelu,,0.0009944476,0.11027565,,9.1094764e-05,819,0.01,0.0001,20,2,,,10
820,model_type.poincare,activation.dmelu,,0.0009875963,0.1095159,,9.048354e-05,820,0.01,0.0001,20,2,,,10
821,model_type.poincare,activation.dmelu,,0.0009879025,0.10954985,,9.0147776e-05,821,0.01,0.0001,20,2,,,10
822,model_type.poincare,activation.dmelu,,0.0009909434,0.109887056,,9.000279e-05,822,0.01,0.0001,20,2,,,10
823,model_type.poincare,activation.dmelu,,0.000982795,0.10898347,,9.0004076e-05,823,0.01,0.0001,20,2,,,10
824,model_type.poincare,activation.dmelu,,0.0009931262,0.11012911,,9.015678e-05,824,0.01,0.0001,20,2,,,10
825,model_type.poincare,activation.dmelu,,0.0009794743,0.108615234,,9.024579e-05,825,0.01,0.0001,20,2,,,10
826,model_type.poincare,activation.dmelu,,0.0009934867,0.11016909,,9.040939e-05,826,0.01,0.0001,20,2,,,10
827,model_type.poincare,activation.dmelu,,0.0009773491,0.10837957,,9.0396956e-05,827,0.01,0.0001,20,2,,,10
828,model_type.poincare,activation.dmelu,,0.0009928095,0.110093996,,9.047094e-05,828,0.01,0.0001,20,2,,,10
829,model_type.poincare,activation.dmelu,,0.00097573246,0.1082003,,9.036413e-05,829,0.01,0.0001,20,2,,,10
830,model_type.poincare,activation.dmelu,,0.0009919573,0.109999485,,9.039384e-05,830,0.01,0.0001,20,2,,,10
831,model_type.poincare,activation.dmelu,,0.00097391056,0.10799827,,9.026291e-05,831,0.01,0.0001,20,2,,,10
832,model_type.poincare,activation.dmelu,,0.0009914747,0.109945975,,9.031821e-05,832,0.01,0.0001,20,2,,,10
833,model_type.poincare,activation.dmelu,,0.00097171246,0.10775451,,9.0254034e-05,833,0.01,0.0001,20,2,,,10
834,model_type.poincare,activation.dmelu,,0.0009920311,0.11000767,,9.0441834e-05,834,0.01,0.0001,20,2,,,10
835,model_type.poincare,activation.dmelu,,0.00096887624,0.10744,,9.056805e-05,835,0.01,0.0001,20,2,,,10
836,model_type.poincare,activation.dmelu,,0.0009946242,0.11029523,,9.108032e-05,836,0.01,0.0001,20,2,,,10
837,model_type.poincare,activation.dmelu,,0.0009650869,0.1070198,,9.16622e-05,837,0.01,0.0001,20,2,,,10
838,model_type.poincare,activation.dmelu,,0.0010015263,0.111060604,,9.297341e-05,838,0.01,0.0001,20,2,,,10
839,model_type.poincare,activation.dmelu,,0.0009602529,0.10648374,,9.474146e-05,839,0.01,0.0001,20,2,,,10
840,model_type.poincare,activation.dmelu,,0.0010171848,0.11279701,,9.8161305e-05,840,0.01,0.0001,20,2,,,10
841,model_type.poincare,activation.dmelu,,0.000956688,0.10608843,,0.00010324137,841,0.01,0.0001,20,2,,,10
842,model_type.poincare,activation.dmelu,,0.0010520895,0.116667636,,0.00011249083,842,0.01,0.0001,20,2,,,10
843,model_type.poincare,activation.dmelu,,0.0009629506,0.1067829,,0.00012677663,843,0.01,0.0001,20,2,,,10
844,model_type.poincare,activation.dmelu,,0.0011253397,0.12479044,,0.00015118271,844,0.01,0.0001,20,2,,,10
845,model_type.poincare,activation.dmelu,,0.0009967491,0.11053087,,0.0001865594,845,0.01,0.0001,20,2,,,10
846,model_type.poincare,activation.dmelu,,0.0012340776,0.13684854,,0.00023712713,846,0.01,0.0001,20,2,,,10
847,model_type.poincare,activation.dmelu,,0.0010385405,0.11516517,,0.0002882897,847,0.01,0.0001,20,2,,,10
848,model_type.poincare,activation.dmelu,,0.0012349997,0.13695079,,0.00032087578,848,0.01,0.0001,20,2,,,10
849,model_type.poincare,activation.dmelu,,0.0009838409,0.109099455,,0.00029279813,849,0.01,0.0001,20,2,,,10
850,model_type.poincare,activation.dmelu,,0.0010341427,0.11467749,,0.00021019217,850,0.01,0.0001,20,2,,,10
851,model_type.poincare,activation.dmelu,,0.0009722874,0.10781827,,0.00011956941,851,0.01,0.0001,20,2,,,10
852,model_type.poincare,activation.dmelu,,0.00095189596,0.10555703,,8.851625e-05,852,0.01,0.0001,20,2,,,10
853,model_type.poincare,activation.dmelu,,0.0011027886,0.122289725,,0.00012473976,853,0.01,0.0001,20,2,,,10
854,model_type.poincare,activation.dmelu,,0.00097224786,0.10781389,,0.00017726321,854,0.01,0.0001,20,2,,,10
855,model_type.poincare,activation.dmelu,,0.001071883,0.11886256,,0.00019143942,855,0.01,0.0001,20,2,,,10
856,model_type.poincare,activation.dmelu,,0.0009494722,0.10528826,,0.00015096247,856,0.01,0.0001,20,2,,,10
857,model_type.poincare,activation.dmelu,,0.0009566749,0.10608698,,0.000101808066,857,0.01,0.0001,20,2,,,10
858,model_type.poincare,activation.dmelu,,0.0010253382,0.11370114,,9.027966e-05,858,0.01,0.0001,20,2,,,10
859,model_type.poincare,activation.dmelu,,0.0009522537,0.105596706,,0.00011732502,859,0.01,0.0001,20,2,,,10
860,model_type.poincare,activation.dmelu,,0.0010503319,0.11647273,,0.00014426727,860,0.01,0.0001,20,2,,,10
861,model_type.poincare,activation.dmelu,,0.0009457077,0.10487081,,0.00013785195,861,0.01,0.0001,20,2,,,10
862,model_type.poincare,activation.dmelu,,0.0009679117,0.10733304,,0.000108914406,862,0.01,0.0001,20,2,,,10
863,model_type.poincare,activation.dmelu,,0.0009862578,0.10936747,,8.8771296e-05,863,0.01,0.0001,20,2,,,10
864,model_type.poincare,activation.dmelu,,0.0009443686,0.10472231,,9.541439e-05,864,0.01,0.0001,20,2,,,10
865,model_type.poincare,activation.dmelu,,0.0010256121,0.11373152,,0.00011448479,865,0.01,0.0001,20,2,,,10
866,model_type.poincare,activation.dmelu,,0.00094259955,0.10452614,,0.0001204913,866,0.01,0.0001,20,2,,,10
867,model_type.poincare,activation.dmelu,,0.00097607414,0.10823818,,0.000108401866,867,0.01,0.0001,20,2,,,10
868,model_type.poincare,activation.dmelu,,0.00096257345,0.10674108,,9.1719536e-05,868,0.01,0.0001,20,2,,,10
869,model_type.poincare,activation.dmelu,,0.0009424517,0.10450975,,8.7809654e-05,869,0.01,0.0001,20,2,,,10
870,model_type.poincare,activation.dmelu,,0.0010011778,0.111021966,,9.679082e-05,870,0.01,0.0001,20,2,,,10
871,model_type.poincare,activation.dmelu,,0.0009396047,0.10419404,,0.000105453226,871,0.01,0.0001,20,2,,,10
872,model_type.poincare,activation.dmelu,,0.0009818767,0.108881645,,0.00010457836,872,0.01,0.0001,20,2,,,10
873,model_type.poincare,activation.dmelu,,0.0009481832,0.10514532,,9.506875e-05,873,0.01,0.0001,20,2,,,10
874,model_type.poincare,activation.dmelu,,0.00094667886,0.1049785,,8.75209e-05,874,0.01,0.0001,20,2,,,10
875,model_type.poincare,activation.dmelu,,0.00097629876,0.1082631,,8.7712855e-05,875,0.01,0.0001,20,2,,,10
876,model_type.poincare,activation.dmelu,,0.0009367013,0.10387208,,9.316912e-05,876,0.01,0.0001,20,2,,,10
877,model_type.poincare,activation.dmelu,,0.0009809019,0.10877354,,9.744305e-05,877,0.01,0.0001,20,2,,,10
878,model_type.poincare,activation.dmelu,,0.00093907217,0.104134984,,9.576218e-05,878,0.01,0.0001,20,2,,,10
879,model_type.poincare,activation.dmelu,,0.00095596875,0.10600867,,9.071071e-05,879,0.01,0.0001,20,2,,,10
880,model_type.poincare,activation.dmelu,,0.00095439533,0.10583419,,8.6406246e-05,880,0.01,0.0001,20,2,,,10
881,model_type.poincare,activation.dmelu,,0.00093803153,0.10401959,,8.6129534e-05,881,0.01,0.0001,20,2,,,10
882,model_type.poincare,activation.dmelu,,0.00096955226,0.10751496,,8.890405e-05,882,0.01,0.0001,20,2,,,10
883,model_type.poincare,activation.dmelu,,0.00093436544,0.10361305,,9.131768e-05,883,0.01,0.0001,20,2,,,10
884,model_type.poincare,activation.dmelu,,0.00096346677,0.10684013,,9.1566384e-05,884,0.01,0.0001,20,2,,,10
885,model_type.poincare,activation.dmelu,,0.0009387671,0.10410116,,8.915877e-05,885,0.01,0.0001,20,2,,,10
886,model_type.poincare,activation.dmelu,,0.0009465378,0.10496286,,8.649341e-05,886,0.01,0.0001,20,2,,,10
887,model_type.poincare,activation.dmelu,,0.00095027033,0.105376765,,8.500323e-05,887,0.01,0.0001,20,2,,,10
888,model_type.poincare,activation.dmelu,,0.0009354432,0.10373256,,8.536895e-05,888,0.01,0.0001,20,2,,,10
889,model_type.poincare,activation.dmelu,,0.00095825695,0.106262416,,8.6832064e-05,889,0.01,0.0001,20,2,,,10
890,model_type.poincare,activation.dmelu,,0.0009322616,0.10337975,,8.786439e-05,890,0.01,0.0001,20,2,,,10
891,model_type.poincare,activation.dmelu,,0.0009551971,0.1059231,,8.8049936e-05,891,0.01,0.0001,20,2,,,10
892,model_type.poincare,activation.dmelu,,0.00093437935,0.10361459,,8.696834e-05,892,0.01,0.0001,20,2,,,10
893,model_type.poincare,activation.dmelu,,0.0009450383,0.10479657,,8.566625e-05,893,0.01,0.0001,20,2,,,10
894,model_type.poincare,activation.dmelu,,0.0009404253,0.10428504,,8.45173e-05,894,0.01,0.0001,20,2,,,10
895,model_type.poincare,activation.dmelu,,0.000935852,0.1037779,,8.4114625e-05,895,0.01,0.0001,20,2,,,10
896,model_type.poincare,activation.dmelu,,0.0009466339,0.10497352,,8.436203e-05,896,0.01,0.0001,20,2,,,10
897,model_type.poincare,activation.dmelu,,0.00093062455,0.103198215,,8.486597e-05,897,0.01,0.0001,20,2,,,10
898,model_type.poincare,activation.dmelu,,0.0009487143,0.10520422,,8.544095e-05,898,0.01,0.0001,20,2,,,10
899,model_type.poincare,activation.dmelu,,0.0009291525,0.10303498,,8.556268e-05,899,0.01,0.0001,20,2,,,10
900,model_type.poincare,activation.dmelu,,0.00094604667,0.1049084,,8.547778e-05,900,0.01,0.0001,20,2,,,10
901,model_type.poincare,activation.dmelu,,0.00092996715,0.10312532,,8.4945525e-05,901,0.01,0.0001,20,2,,,10
902,model_type.poincare,activation.dmelu,,0.0009405664,0.104300685,,8.443098e-05,902,0.01,0.0001,20,2,,,10
903,model_type.poincare,activation.dmelu,,0.0009320454,0.10335578,,8.382548e-05,903,0.01,0.0001,20,2,,,10
904,model_type.poincare,activation.dmelu,,0.00093496,0.10367898,,8.343872e-05,904,0.01,0.0001,20,2,,,10
905,model_type.poincare,activation.dmelu,,0.0009344878,0.10362662,,8.317601e-05,905,0.01,0.0001,20,2,,,10
906,model_type.poincare,activation.dmelu,,0.0009304255,0.10317615,,8.309457e-05,906,0.01,0.0001,20,2,,,10
907,model_type.poincare,activation.dmelu,,0.0009365877,0.10385948,,8.315187e-05,907,0.01,0.0001,20,2,,,10
908,model_type.poincare,activation.dmelu,,0.0009271853,0.102816835,,8.3234925e-05,908,0.01,0.0001,20,2,,,10
909,model_type.poincare,activation.dmelu,,0.00093786954,0.10400163,,8.34152e-05,909,0.01,0.0001,20,2,,,10
910,model_type.poincare,activation.dmelu,,0.00092449057,0.102518015,,8.3509454e-05,910,0.01,0.0001,20,2,,,10
911,model_type.poincare,activation.dmelu,,0.0009386276,0.104085684,,8.370432e-05,911,0.01,0.0001,20,2,,,10
912,model_type.poincare,activation.dmelu,,0.0009221275,0.10225597,,8.378455e-05,912,0.01,0.0001,20,2,,,10
913,model_type.poincare,activation.dmelu,,0.00093950564,0.104183055,,8.4025356e-05,913,0.01,0.0001,20,2,,,10
914,model_type.poincare,activation.dmelu,,0.00091971015,0.101987906,,8.41772e-05,914,0.01,0.0001,20,2,,,10
915,model_type.poincare,activation.dmelu,,0.0009412923,0.10438118,,8.458717e-05,915,0.01,0.0001,20,2,,,10
916,model_type.poincare,activation.dmelu,,0.00091693,0.10167961,,8.497105e-05,916,0.01,0.0001,20,2,,,10
917,model_type.poincare,activation.dmelu,,0.00094519794,0.10481428,,8.57996e-05,917,0.01,0.0001,20,2,,,10
918,model_type.poincare,activation.dmelu,,0.00091341604,0.10128994,,8.678412e-05,918,0.01,0.0001,20,2,,,10
919,model_type.poincare,activation.dmelu,,0.0009536535,0.10575193,,8.8659006e-05,919,0.01,0.0001,20,2,,,10
920,model_type.poincare,activation.dmelu,,0.0009099413,0.10090462,,9.122124e-05,920,0.01,0.0001,20,2,,,10
921,model_type.poincare,activation.dmelu,,0.0009718964,0.10777491,,9.5812095e-05,921,0.01,0.0001,20,2,,,10
922,model_type.poincare,activation.dmelu,,0.00090966147,0.1008736,,0.000102594466,922,0.01,0.0001,20,2,,,10
923,model_type.poincare,activation.dmelu,,0.0010112319,0.11213688,,0.00011433236,923,0.01,0.0001,20,2,,,10
924,model_type.poincare,activation.dmelu,,0.0009230242,0.102355406,,0.00013213031,924,0.01,0.0001,20,2,,,10
925,model_type.poincare,activation.dmelu,,0.0010915776,0.12104652,,0.00016137806,925,0.01,0.0001,20,2,,,10
926,model_type.poincare,activation.dmelu,,0.00096890616,0.10744332,,0.0002029236,926,0.01,0.0001,20,2,,,10
927,model_type.poincare,activation.dmelu,,0.0012102149,0.13420238,,0.00026094372,927,0.01,0.0001,20,2,,,10
928,model_type.poincare,activation.dmelu,,0.0010235038,0.11349773,,0.00032002744,928,0.01,0.0001,20,2,,,10
929,model_type.poincare,activation.dmelu,,0.0012217527,0.13548182,,0.00036031456,929,0.01,0.0001,20,2,,,10
930,model_type.poincare,activation.dmelu,,0.00096210174,0.10668877,,0.00033547796,930,0.01,0.0001,20,2,,,10
931,model_type.poincare,activation.dmelu,,0.0010067556,0.1116405,,0.000246195,931,0.01,0.0001,20,2,,,10
932,model_type.poincare,activation.dmelu,,0.0009140558,0.10136089,,0.00013570469,932,0.01,0.0001,20,2,,,10
933,model_type.poincare,activation.dmelu,,0.0009035382,0.10019457,,8.3112835e-05,933,0.01,0.0001,20,2,,,10
934,model_type.poincare,activation.dmelu,,0.0010479593,0.11620963,,0.00011106827,934,0.01,0.0001,20,2,,,10
935,model_type.poincare,activation.dmelu,,0.0009383849,0.10405877,,0.00017341721,935,0.01,0.0001,20,2,,,10
936,model_type.poincare,activation.dmelu,,0.0010456534,0.11595392,,0.00020488359,936,0.01,0.0001,20,2,,,10
937,model_type.poincare,activation.dmelu,,0.0009039055,0.100235306,,0.00017190789,937,0.01,0.0001,20,2,,,10
938,model_type.poincare,activation.dmelu,,0.00091596076,0.10157213,,0.00011242547,938,0.01,0.0001,20,2,,,10
939,model_type.poincare,activation.dmelu,,0.0009603526,0.1064948,,8.323607e-05,939,0.01,0.0001,20,2,,,10
940,model_type.poincare,activation.dmelu,,0.0009082516,0.100717254,,0.000103923936,940,0.01,0.0001,20,2,,,10
941,model_type.poincare,activation.dmelu,,0.0010129943,0.112332314,,0.00014007032,941,0.01,0.0001,20,2,,,10
942,model_type.poincare,activation.dmelu,,0.00090238045,0.10006619,,0.00014648282,942,0.01,0.0001,20,2,,,10
943,model_type.poincare,activation.dmelu,,0.0009317845,0.10332685,,0.00011936443,943,0.01,0.0001,20,2,,,10
944,model_type.poincare,activation.dmelu,,0.00092509005,0.10258449,,8.8723835e-05,944,0.01,0.0001,20,2,,,10
945,model_type.poincare,activation.dmelu,,0.00089782185,0.099560685,,8.5369444e-05,945,0.01,0.0001,20,2,,,10
946,model_type.poincare,activation.dmelu,,0.0009786504,0.10852387,,0.000104919054,946,0.01,0.0001,20,2,,,10
947,model_type.poincare,activation.dmelu,,0.00089877105,0.09966594,,0.00011956905,947,0.01,0.0001,20,2,,,10
948,model_type.poincare,activation.dmelu,,0.0009392444,0.10415409,,0.00011352822,948,0.01,0.0001,20,2,,,10
949,model_type.poincare,activation.dmelu,,0.0009065538,0.100528985,,9.39362e-05,949,0.01,0.0001,20,2,,,10
950,model_type.poincare,activation.dmelu,,0.000897808,0.09955915,,8.2518774e-05,950,0.01,0.0001,20,2,,,10
951,model_type.poincare,activation.dmelu,,0.00094826246,0.10515411,,8.759017e-05,951,0.01,0.0001,20,2,,,10
952,model_type.poincare,activation.dmelu,,0.0008942255,0.09916188,,9.927389e-05,952,0.01,0.0001,20,2,,,10
953,model_type.poincare,activation.dmelu,,0.0009421023,0.104471,,0.00010378563,953,0.01,0.0001,20,2,,,10
954,model_type.poincare,activation.dmelu,,0.0008968856,0.09945686,,9.612244e-05,954,0.01,0.0001,20,2,,,10
955,model_type.poincare,activation.dmelu,,0.0009035373,0.10019448,,8.5625696e-05,955,0.01,0.0001,20,2,,,10
956,model_type.poincare,activation.dmelu,,0.00092178135,0.102217585,,8.157279e-05,956,0.01,0.0001,20,2,,,10
957,model_type.poincare,activation.dmelu,,0.00089114235,0.098819986,,8.579371e-05,957,0.01,0.0001,20,2,,,10
958,model_type.poincare,activation.dmelu,,0.0009356504,0.10375554,,9.2184215e-05,958,0.01,0.0001,20,2,,,10
959,model_type.poincare,activation.dmelu,,0.000891399,0.09884844,,9.3409384e-05,959,0.01,0.0001,20,2,,,10
960,model_type.poincare,activation.dmelu,,0.00091361924,0.10131247,,8.92267e-05,960,0.01,0.0001,20,2,,,10
961,model_type.poincare,activation.dmelu,,0.0009019457,0.10001798,,8.328095e-05,961,0.01,0.0001,20,2,,,10
962,model_type.poincare,activation.dmelu,,0.0008932954,0.09905874,,8.081326e-05,962,0.01,0.0001,20,2,,,10
963,model_type.poincare,activation.dmelu,,0.00091944257,0.10195823,,8.2648505e-05,963,0.01,0.0001,20,2,,,10
964,model_type.poincare,activation.dmelu,,0.000887961,0.0984672,,8.591194e-05,964,0.01,0.0001,20,2,,,10
965,model_type.poincare,activation.dmelu,,0.0009189521,0.10190385,,8.764637e-05,965,0.01,0.0001,20,2,,,10
966,model_type.poincare,activation.dmelu,,0.00089029653,0.09872619,,8.608225e-05,966,0.01,0.0001,20,2,,,10
967,model_type.poincare,activation.dmelu,,0.0009026491,0.10009598,,8.312098e-05,967,0.01,0.0001,20,2,,,10
968,model_type.poincare,activation.dmelu,,0.00089999335,0.09980148,,8.061499e-05,968,0.01,0.0001,20,2,,,10
969,model_type.poincare,activation.dmelu,,0.00088976166,0.09866688,,8.017499e-05,969,0.01,0.0001,20,2,,,10
970,model_type.poincare,activation.dmelu,,0.00091019477,0.10093273,,8.14562e-05,970,0.01,0.0001,20,2,,,10
971,model_type.poincare,activation.dmelu,,0.00088581064,0.098228745,,8.2941995e-05,971,0.01,0.0001,20,2,,,10
972,model_type.poincare,activation.dmelu,,0.00090945483,0.10085068,,8.371112e-05,972,0.01,0.0001,20,2,,,10
973,model_type.poincare,activation.dmelu,,0.0008871238,0.09837436,,8.297002e-05,973,0.01,0.0001,20,2,,,10
974,model_type.poincare,activation.dmelu,,0.00089975673,0.09977525,,8.162206e-05,974,0.01,0.0001,20,2,,,10
975,model_type.poincare,activation.dmelu,,0.00089270447,0.09899321,,8.015694e-05,975,0.01,0.0001,20,2,,,10
976,model_type.poincare,activation.dmelu,,0.0008899139,0.09868376,,7.9451835e-05,976,0.01,0.0001,20,2,,,10
977,model_type.poincare,activation.dmelu,,0.00089920394,0.099713944,,7.954056e-05,977,0.01,0.0001,20,2,,,10
978,model_type.poincare,activation.dmelu,,0.0008846718,0.09810246,,8.0100115e-05,978,0.01,0.0001,20,2,,,10
979,model_type.poincare,activation.dmelu,,0.00090217474,0.10004338,,8.0817204e-05,979,0.01,0.0001,20,2,,,10
980,model_type.poincare,activation.dmelu,,0.00088318496,0.09793758,,8.1081234e-05,980,0.01,0.0001,20,2,,,10
981,model_type.poincare,activation.dmelu,,0.00089966785,0.09976539,,8.1050006e-05,981,0.01,0.0001,20,2,,,10
982,model_type.poincare,activation.dmelu,,0.00088402216,0.09803042,,8.048839e-05,982,0.01,0.0001,20,2,,,10
983,model_type.poincare,activation.dmelu,,0.00089403824,0.09914111,,7.989019e-05,983,0.01,0.0001,20,2,,,10
984,model_type.poincare,activation.dmelu,,0.0008864681,0.09830165,,7.922805e-05,984,0.01,0.0001,20,2,,,10
985,model_type.poincare,activation.dmelu,,0.00088818074,0.098491564,,7.883377e-05,985,0.01,0.0001,20,2,,,10
986,model_type.poincare,activation.dmelu,,0.00088955136,0.098643556,,7.864257e-05,986,0.01,0.0001,20,2,,,10
987,model_type.poincare,activation.dmelu,,0.0008839936,0.098027244,,7.8660814e-05,987,0.01,0.0001,20,2,,,10
988,model_type.poincare,activation.dmelu,,0.0008918436,0.09889775,,7.8839315e-05,988,0.01,0.0001,20,2,,,10
989,model_type.poincare,activation.dmelu,,0.00088111794,0.09770837,,7.900466e-05,989,0.01,0.0001,20,2,,,10
990,model_type.poincare,activation.dmelu,,0.0008927989,0.09900368,,7.923247e-05,990,0.01,0.0001,20,2,,,10
991,model_type.poincare,activation.dmelu,,0.0008792071,0.097496465,,7.931239e-05,991,0.01,0.0001,20,2,,,10
992,model_type.poincare,activation.dmelu,,0.0008927011,0.09899283,,7.944727e-05,992,0.01,0.0001,20,2,,,10
993,model_type.poincare,activation.dmelu,,0.0008778463,0.09734557,,7.9421385e-05,993,0.01,0.0001,20,2,,,10
994,model_type.poincare,activation.dmelu,,0.0008921312,0.098929636,,7.94914e-05,994,0.01,0.0001,20,2,,,10
995,model_type.poincare,activation.dmelu,,0.000876828,0.09723265,,7.942566e-05,995,0.01,0.0001,20,2,,,10
996,model_type.poincare,activation.dmelu,,0.0008915254,0.09886246,,7.949348e-05,996,0.01,0.0001,20,2,,,10
997,model_type.poincare,activation.dmelu,,0.00087551784,0.09708736,,7.945442e-05,997,0.01,0.0001,20,2,,,10
998,model_type.poincare,activation.dmelu,,0.0008915209,0.09886196,,7.959981e-05,998,0.01,0.0001,20,2,,,10
999,model_type.poincare,activation.dmelu,,0.00087386323,0.09690388,,7.968722e-05,999,0.01,0.0001,20,2,,,10
1000,model_type.poincare,activation.dmelu,,0.00089282263,0.09900631,,8.005282e-05,1000,0.01,0.0001,20,2,,,10
1001,model_type.poincare,activation.dmelu,,0.00087175175,0.09666973,,8.0449085e-05,1001,0.01,0.0001,20,2,,,10
1002,model_type.poincare,activation.dmelu,,0.0008964869,0.09941265,,8.131949e-05,1002,0.01,0.0001,20,2,,,10
1003,model_type.poincare,activation.dmelu,,0.00086952565,0.09642288,,8.244014e-05,1003,0.01,0.0001,20,2,,,10
1004,model_type.poincare,activation.dmelu,,0.00090466463,0.10031949,,8.4536776e-05,1004,0.01,0.0001,20,2,,,10
1005,model_type.poincare,activation.dmelu,,0.0008685521,0.096314915,,8.754923e-05,1005,0.01,0.0001,20,2,,,10
1006,model_type.poincare,activation.dmelu,,0.0009230288,0.10235591,,9.291552e-05,1006,0.01,0.0001,20,2,,,10
1007,model_type.poincare,activation.dmelu,,0.00087453745,0.09697864,,0.00010118383,1007,0.01,0.0001,20,2,,,10
1008,model_type.poincare,activation.dmelu,,0.00096532644,0.10704636,,0.000115588766,1008,0.01,0.0001,20,2,,,10
1009,model_type.poincare,activation.dmelu,,0.0009035047,0.10019086,,0.00013824036,1009,0.01,0.0001,20,2,,,10
1010,model_type.poincare,activation.dmelu,,0.0010585228,0.11738104,,0.00017574009,1010,0.01,0.0001,20,2,,,10
1011,model_type.poincare,activation.dmelu,,0.0009765509,0.10829106,,0.00022990206,1011,0.01,0.0001,20,2,,,10
1012,model_type.poincare,activation.dmelu,,0.0011995123,0.13301554,,0.00030354885,1012,0.01,0.0001,20,2,,,10
1013,model_type.poincare,activation.dmelu,,0.0010282092,0.11401951,,0.00037393573,1013,0.01,0.0001,20,2,,,10
1014,model_type.poincare,activation.dmelu,,0.0012171298,0.13496917,,0.00041330175,1014,0.01,0.0001,20,2,,,10
1015,model_type.poincare,activation.dmelu,,0.00092673884,0.102767326,,0.0003773719,1015,0.01,0.0001,20,2,,,10
1016,model_type.poincare,activation.dmelu,,0.001034501,0.11471722,,0.00028560718,1016,0.01,0.0001,20,2,,,10
1017,model_type.poincare,activation.dmelu,,0.00088099344,0.09769456,,0.00018608478,1017,0.01,0.0001,20,2,,,10
1018,model_type.poincare,activation.dmelu,,0.0009287297,0.1029881,,0.00014185937,1018,0.01,0.0001,20,2,,,10
1019,model_type.poincare,activation.dmelu,,0.000979005,0.10856319,,0.00014848051,1019,0.01,0.0001,20,2,,,10
1020,model_type.poincare,activation.dmelu,,0.0008697986,0.096453145,,0.00016264078,1020,0.01,0.0001,20,2,,,10
1021,model_type.poincare,activation.dmelu,,0.0010150213,0.1125571,,0.00016792296,1021,0.01,0.0001,20,2,,,10
1022,model_type.poincare,activation.dmelu,,0.00088131725,0.097730465,,0.00017046666,1022,0.01,0.0001,20,2,,,10
1023,model_type.poincare,activation.dmelu,,0.00093759445,0.10397112,,0.00016561343,1023,0.01,0.0001,20,2,,,10
1024,model_type.poincare,activation.dmelu,,0.0008971411,0.099485196,,0.0001341001,1024,0.01,0.0001,20,2,,,10
1025,model_type.poincare,activation.dmelu,,0.0008482857,0.09406755,,9.820207e-05,1025,0.01,0.0001,20,2,,,10
1026,model_type.poincare,activation.dmelu,,0.0009614693,0.106618635,,0.00010071418,1026,0.01,0.0001,20,2,,,10
1027,model_type.poincare,activation.dmelu,,0.0008788871,0.09746098,,0.00013544661,1027,0.01,0.0001,20,2,,,10
1028,model_type.poincare,activation.dmelu,,0.0009248365,0.10255637,,0.0001487557,1028,0.01,0.0001,20,2,,,10
1029,model_type.poincare,activation.dmelu,,0.0008668503,0.096126206,,0.00011585695,1029,0.01,0.0001,20,2,,,10
1030,model_type.poincare,activation.dmelu,,0.0008628375,0.09568122,,8.343566e-05,1030,0.01,0.0001,20,2,,,10
1031,model_type.poincare,activation.dmelu,,0.00092366844,0.10242685,,9.031674e-05,1031,0.01,0.0001,20,2,,,10
1032,model_type.poincare,activation.dmelu,,0.0008633237,0.09573513,,0.00011367287,1032,0.01,0.0001,20,2,,,10
1033,model_type.poincare,activation.dmelu,,0.0009074846,0.1006322,,0.00011549372,1033,0.01,0.0001,20,2,,,10
1034,model_type.poincare,activation.dmelu,,0.0008618025,0.095566444,,9.842399e-05,1034,0.01,0.0001,20,2,,,10
1035,model_type.poincare,activation.dmelu,,0.00087851414,0.09741963,,9.02072e-05,1035,0.01,0.0001,20,2,,,10
1036,model_type.poincare,activation.dmelu,,0.0008876356,0.09843111,,9.257037e-05,1036,0.01,0.0001,20,2,,,10
1037,model_type.poincare,activation.dmelu,,0.00085504027,0.09481657,,9.2211914e-05,1037,0.01,0.0001,20,2,,,10
1038,model_type.poincare,activation.dmelu,,0.00089724525,0.099496745,,8.976935e-05,1038,0.01,0.0001,20,2,,,10
1039,model_type.poincare,activation.dmelu,,0.0008593256,0.09529178,,9.259006e-05,1039,0.01,0.0001,20,2,,,10
1040,model_type.poincare,activation.dmelu,,0.00088426087,0.09805689,,9.587946e-05,1040,0.01,0.0001,20,2,,,10
1041,model_type.poincare,activation.dmelu,,0.00086174725,0.09556032,,8.958901e-05,1041,0.01,0.0001,20,2,,,10
1042,model_type.poincare,activation.dmelu,,0.0008576195,0.09510259,,8.035478e-05,1042,0.01,0.0001,20,2,,,10
1043,model_type.poincare,activation.dmelu,,0.00088286144,0.0979017,,8.02383e-05,1043,0.01,0.0001,20,2,,,10
1044,model_type.poincare,activation.dmelu,,0.00085409754,0.094712034,,8.7510954e-05,1044,0.01,0.0001,20,2,,,10
1045,model_type.poincare,activation.dmelu,,0.00088208524,0.097815625,,9.061482e-05,1045,0.01,0.0001,20,2,,,10
1046,model_type.poincare,activation.dmelu,,0.0008496196,0.094215475,,8.545457e-05,1046,0.01,0.0001,20,2,,,10
1047,model_type.poincare,activation.dmelu,,0.0008665299,0.096090674,,8.02687e-05,1047,0.01,0.0001,20,2,,,10
1048,model_type.poincare,activation.dmelu,,0.00086281163,0.09567835,,7.996748e-05,1048,0.01,0.0001,20,2,,,10
1049,model_type.poincare,activation.dmelu,,0.0008530264,0.09459326,,8.1678794e-05,1049,0.01,0.0001,20,2,,,10
1050,model_type.poincare,activation.dmelu,,0.0008719361,0.09669018,,8.158284e-05,1050,0.01,0.0001,20,2,,,10
1051,model_type.poincare,activation.dmelu,,0.0008450212,0.09370555,,8.063824e-05,1051,0.01,0.0001,20,2,,,10
1052,model_type.poincare,activation.dmelu,,0.0008730615,0.096814975,,8.131281e-05,1052,0.01,0.0001,20,2,,,10
1053,model_type.poincare,activation.dmelu,,0.00084762054,0.09399379,,8.184592e-05,1053,0.01,0.0001,20,2,,,10
1054,model_type.poincare,activation.dmelu,,0.0008588723,0.09524152,,8.034646e-05,1054,0.01,0.0001,20,2,,,10
1055,model_type.poincare,activation.dmelu,,0.00085650897,0.09497944,,7.7591736e-05,1055,0.01,0.0001,20,2,,,10
1056,model_type.poincare,activation.dmelu,,0.0008463644,0.0938545,,7.669429e-05,1056,0.01,0.0001,20,2,,,10
1057,model_type.poincare,activation.dmelu,,0.00086599804,0.096031696,,7.820492e-05,1057,0.01,0.0001,20,2,,,10
1058,model_type.poincare,activation.dmelu,,0.0008432078,0.09350446,,7.967319e-05,1058,0.01,0.0001,20,2,,,10
1059,model_type.poincare,activation.dmelu,,0.0008627146,0.09566759,,7.9507714e-05,1059,0.01,0.0001,20,2,,,10
1060,model_type.poincare,activation.dmelu,,0.0008449062,0.093692794,,7.8155965e-05,1060,0.01,0.0001,20,2,,,10
1061,model_type.poincare,activation.dmelu,,0.0008552777,0.0948429,,7.745776e-05,1061,0.01,0.0001,20,2,,,10
1062,model_type.poincare,activation.dmelu,,0.0008499932,0.0942569,,7.735314e-05,1062,0.01,0.0001,20,2,,,10
1063,model_type.poincare,activation.dmelu,,0.00084811816,0.09404898,,7.718609e-05,1063,0.01,0.0001,20,2,,,10
1064,model_type.poincare,activation.dmelu,,0.00085305766,0.09459672,,7.655272e-05,1064,0.01,0.0001,20,2,,,10
1065,model_type.poincare,activation.dmelu,,0.000843879,0.09357889,,7.612662e-05,1065,0.01,0.0001,20,2,,,10
1066,model_type.poincare,activation.dmelu,,0.0008546481,0.09477309,,7.64443e-05,1066,0.01,0.0001,20,2,,,10
1067,model_type.poincare,activation.dmelu,,0.00084307016,0.09348919,,7.7021585e-05,1067,0.01,0.0001,20,2,,,10
1068,model_type.poincare,activation.dmelu,,0.0008539695,0.09469783,,7.73153e-05,1068,0.01,0.0001,20,2,,,10
1069,model_type.poincare,activation.dmelu,,0.00084142835,0.09330713,,7.689821e-05,1069,0.01,0.0001,20,2,,,10
1070,model_type.poincare,activation.dmelu,,0.0008520079,0.09448031,,7.639635e-05,1070,0.01,0.0001,20,2,,,10
1071,model_type.poincare,activation.dmelu,,0.00084163883,0.09333047,,7.604534e-05,1071,0.01,0.0001,20,2,,,10
1072,model_type.poincare,activation.dmelu,,0.000849155,0.094163954,,7.602583e-05,1072,0.01,0.0001,20,2,,,10
1073,model_type.poincare,activation.dmelu,,0.00084288506,0.093468666,,7.589713e-05,1073,0.01,0.0001,20,2,,,10
1074,model_type.poincare,activation.dmelu,,0.000845401,0.09374767,,7.562454e-05,1074,0.01,0.0001,20,2,,,10
1075,model_type.poincare,activation.dmelu,,0.00084414106,0.09360795,,7.529675e-05,1075,0.01,0.0001,20,2,,,10
1076,model_type.poincare,activation.dmelu,,0.0008422118,0.09339401,,7.5163676e-05,1076,0.01,0.0001,20,2,,,10
1077,model_type.poincare,activation.dmelu,,0.0008458997,0.093802966,,7.52607e-05,1077,0.01,0.0001,20,2,,,10
1078,model_type.poincare,activation.dmelu,,0.00083917496,0.09305725,,7.538508e-05,1078,0.01,0.0001,20,2,,,10
1079,model_type.poincare,activation.dmelu,,0.00084727345,0.0939553,,7.54533e-05,1079,0.01,0.0001,20,2,,,10
1080,model_type.poincare,activation.dmelu,,0.00083677995,0.09279166,,7.537554e-05,1080,0.01,0.0001,20,2,,,10
1081,model_type.poincare,activation.dmelu,,0.0008474368,0.09397341,,7.536519e-05,1081,0.01,0.0001,20,2,,,10
1082,model_type.poincare,activation.dmelu,,0.00083543506,0.09264253,,7.538801e-05,1082,0.01,0.0001,20,2,,,10
1083,model_type.poincare,activation.dmelu,,0.0008477604,0.0940093,,7.5580596e-05,1083,0.01,0.0001,20,2,,,10
1084,model_type.poincare,activation.dmelu,,0.00083378685,0.09245975,,7.5719625e-05,1084,0.01,0.0001,20,2,,,10
1085,model_type.poincare,activation.dmelu,,0.0008489184,0.09413771,,7.5959615e-05,1085,0.01,0.0001,20,2,,,10
1086,model_type.poincare,activation.dmelu,,0.00083123456,0.09217673,,7.613469e-05,1086,0.01,0.0001,20,2,,,10
1087,model_type.poincare,activation.dmelu,,0.00085204886,0.09448485,,7.659341e-05,1087,0.01,0.0001,20,2,,,10
1088,model_type.poincare,activation.dmelu,,0.0008277564,0.091791034,,7.718571e-05,1088,0.01,0.0001,20,2,,,10
1089,model_type.poincare,activation.dmelu,,0.00085870334,0.09522278,,7.8386154e-05,1089,0.01,0.0001,20,2,,,10
1090,model_type.poincare,activation.dmelu,,0.0008235517,0.09132476,,8.001422e-05,1090,0.01,0.0001,20,2,,,10
1091,model_type.poincare,activation.dmelu,,0.00087243033,0.096744984,,8.293687e-05,1091,0.01,0.0001,20,2,,,10
1092,model_type.poincare,activation.dmelu,,0.00082015176,0.09094774,,8.7256936e-05,1092,0.01,0.0001,20,2,,,10
1093,model_type.poincare,activation.dmelu,,0.00090193155,0.100016415,,9.494914e-05,1093,0.01,0.0001,20,2,,,10
1094,model_type.poincare,activation.dmelu,,0.00082464714,0.09144624,,0.00010707799,1094,0.01,0.0001,20,2,,,10
1095,model_type.poincare,activation.dmelu,,0.0009682685,0.107372604,,0.00012828452,1095,0.01,0.0001,20,2,,,10
1096,model_type.poincare,activation.dmelu,,0.00085813686,0.09515996,,0.00016175116,1096,0.01,0.0001,20,2,,,10
1097,model_type.poincare,activation.dmelu,,0.0011062031,0.122668356,,0.00021675,1097,0.01,0.0001,20,2,,,10
1098,model_type.poincare,activation.dmelu,,0.0009495366,0.105295405,,0.00029422037,1098,0.01,0.0001,20,2,,,10
1099,model_type.poincare,activation.dmelu,,0.001281546,0.14211237,,0.0003957235,1099,0.01,0.0001,20,2,,,10
1100,model_type.poincare,activation.dmelu,,0.0010064262,0.11160396,,0.0004795772,1100,0.01,0.0001,20,2,,,10
1101,model_type.poincare,activation.dmelu,,0.0011908619,0.1320563,,0.00049842795,1101,0.01,0.0001,20,2,,,10
1102,model_type.poincare,activation.dmelu,,0.00085442944,0.09474884,,0.00038698196,1102,0.01,0.0001,20,2,,,10
1103,model_type.poincare,activation.dmelu,,0.0008584782,0.09519781,,0.00020810288,1103,0.01,0.0001,20,2,,,10
1104,model_type.poincare,activation.dmelu,,0.0008947541,0.09922049,,8.585544e-05,1104,0.01,0.0001,20,2,,,10
1105,model_type.poincare,activation.dmelu,,0.00084848684,0.09408986,,0.00010464873,1105,0.01,0.0001,20,2,,,10
1106,model_type.poincare,activation.dmelu,,0.0010655887,0.11816458,,0.00020701178,1106,0.01,0.0001,20,2,,,10
1107,model_type.poincare,activation.dmelu,,0.0008563092,0.09495729,,0.00026245005,1107,0.01,0.0001,20,2,,,10
1108,model_type.poincare,activation.dmelu,,0.0008963262,0.09939483,,0.00021173242,1108,0.01,0.0001,20,2,,,10
1109,model_type.poincare,activation.dmelu,,0.0008458411,0.09379646,,0.000112564674,1109,0.01,0.0001,20,2,,,10
1110,model_type.poincare,activation.dmelu,,0.00081999536,0.090930395,,7.944195e-05,1110,0.01,0.0001,20,2,,,10
1111,model_type.poincare,activation.dmelu,,0.00097490253,0.10810827,,0.00012955547,1111,0.01,0.0001,20,2,,,10
1112,model_type.poincare,activation.dmelu,,0.0008331875,0.092393294,,0.00017839346,1112,0.01,0.0001,20,2,,,10
1113,model_type.poincare,activation.dmelu,,0.0008798156,0.097563945,,0.00016084658,1113,0.01,0.0001,20,2,,,10
1114,model_type.poincare,activation.dmelu,,0.00083879684,0.09301532,,0.000101709644,1114,0.01,0.0001,20,2,,,10
1115,model_type.poincare,activation.dmelu,,0.00081428787,0.09029748,,7.828871e-05,1115,0.01,0.0001,20,2,,,10
1116,model_type.poincare,activation.dmelu,,0.00092686905,0.102781765,,0.00010776734,1116,0.01,0.0001,20,2,,,10
1117,model_type.poincare,activation.dmelu,,0.00082021265,0.09095449,,0.00013709656,1117,0.01,0.0001,20,2,,,10
1118,model_type.poincare,activation.dmelu,,0.0008598346,0.095348224,,0.00012530028,1118,0.01,0.0001,20,2,,,10
1119,model_type.poincare,activation.dmelu,,0.0008356048,0.09266135,,8.983294e-05,1119,0.01,0.0001,20,2,,,10
1120,model_type.poincare,activation.dmelu,,0.0008126409,0.09011485,,7.7792334e-05,1120,0.01,0.0001,20,2,,,10
1121,model_type.poincare,activation.dmelu,,0.0008943338,0.09917389,,9.674357e-05,1121,0.01,0.0001,20,2,,,10
1122,model_type.poincare,activation.dmelu,,0.0008138316,0.090246886,,0.00011339238,1122,0.01,0.0001,20,2,,,10
1123,model_type.poincare,activation.dmelu,,0.0008486461,0.094107516,,0.00010505062,1123,0.01,0.0001,20,2,,,10
1124,model_type.poincare,activation.dmelu,,0.00083057105,0.09210315,,8.371154e-05,1124,0.01,0.0001,20,2,,,10
1125,model_type.poincare,activation.dmelu,,0.0008113118,0.08996747,,7.7085875e-05,1125,0.01,0.0001,20,2,,,10
1126,model_type.poincare,activation.dmelu,,0.00087144604,0.09663583,,8.857828e-05,1126,0.01,0.0001,20,2,,,10
1127,model_type.poincare,activation.dmelu,,0.00080949,0.089765444,,9.8437275e-05,1127,0.01,0.0001,20,2,,,10
1128,model_type.poincare,activation.dmelu,,0.0008419161,0.093361214,,9.3798815e-05,1128,0.01,0.0001,20,2,,,10
1129,model_type.poincare,activation.dmelu,,0.0008242195,0.09139882,,8.100728e-05,1129,0.01,0.0001,20,2,,,10
1130,model_type.poincare,activation.dmelu,,0.00081109704,0.08994365,,7.611788e-05,1130,0.01,0.0001,20,2,,,10
1131,model_type.poincare,activation.dmelu,,0.0008545136,0.094758175,,8.2138286e-05,1131,0.01,0.0001,20,2,,,10
1132,model_type.poincare,activation.dmelu,,0.00080682186,0.089469574,,8.861315e-05,1132,0.01,0.0001,20,2,,,10
1133,model_type.poincare,activation.dmelu,,0.00083834527,0.092965245,,8.733099e-05,1133,0.01,0.0001,20,2,,,10
1134,model_type.poincare,activation.dmelu,,0.0008168049,0.090576604,,7.9886435e-05,1134,0.01,0.0001,20,2,,,10
1135,model_type.poincare,activation.dmelu,,0.0008123966,0.09008776,,7.542922e-05,1135,0.01,0.0001,20,2,,,10
1136,model_type.poincare,activation.dmelu,,0.0008406162,0.09321707,,7.750604e-05,1136,0.01,0.0001,20,2,,,10
1137,model_type.poincare,activation.dmelu,,0.0008051553,0.08928476,,8.1835715e-05,1137,0.01,0.0001,20,2,,,10
1138,model_type.poincare,activation.dmelu,,0.0008365438,0.09276548,,8.297337e-05,1138,0.01,0.0001,20,2,,,10
1139,model_type.poincare,activation.dmelu,,0.00081030413,0.08985572,,7.943883e-05,1139,0.01,0.0001,20,2,,,10
1140,model_type.poincare,activation.dmelu,,0.0008150692,0.090384126,,7.565467e-05,1140,0.01,0.0001,20,2,,,10
1141,model_type.poincare,activation.dmelu,,0.00082792575,0.09180981,,7.492755e-05,1141,0.01,0.0001,20,2,,,10
1142,model_type.poincare,activation.dmelu,,0.0008048539,0.08925134,,7.702277e-05,1142,0.01,0.0001,20,2,,,10
1143,model_type.poincare,activation.dmelu,,0.0008332295,0.09239795,,7.910973e-05,1143,0.01,0.0001,20,2,,,10
1144,model_type.poincare,activation.dmelu,,0.0008056439,0.08933894,,7.860279e-05,1144,0.01,0.0001,20,2,,,10
1145,model_type.poincare,activation.dmelu,,0.0008192134,0.090843685,,7.646477e-05,1145,0.01,0.0001,20,2,,,10
1146,model_type.poincare,activation.dmelu,,0.0008163079,0.09052149,,7.451392e-05,1146,0.01,0.0001,20,2,,,10
1147,model_type.poincare,activation.dmelu,,0.00080679293,0.08946636,,7.437073e-05,1147,0.01,0.0001,20,2,,,10
1148,model_type.poincare,activation.dmelu,,0.0008260816,0.09160531,,7.559811e-05,1148,0.01,0.0001,20,2,,,10
1149,model_type.poincare,activation.dmelu,,0.0008030667,0.089053154,,7.6548306e-05,1149,0.01,0.0001,20,2,,,10
1150,model_type.poincare,activation.dmelu,,0.00082239474,0.09119647,,7.648827e-05,1150,0.01,0.0001,20,2,,,10
1151,model_type.poincare,activation.dmelu,,0.0008072252,0.08951429,,7.528585e-05,1151,0.01,0.0001,20,2,,,10
1152,model_type.poincare,activation.dmelu,,0.0008111985,0.089954905,,7.417289e-05,1152,0.01,0.0001,20,2,,,10
1153,model_type.poincare,activation.dmelu,,0.0008157487,0.09045948,,7.376392e-05,1153,0.01,0.0001,20,2,,,10
1154,model_type.poincare,activation.dmelu,,0.0008037064,0.08912409,,7.4144016e-05,1154,0.01,0.0001,20,2,,,10
1155,model_type.poincare,activation.dmelu,,0.0008200042,0.09093138,,7.48289e-05,1155,0.01,0.0001,20,2,,,10
1156,model_type.poincare,activation.dmelu,,0.00080237206,0.08897613,,7.503801e-05,1156,0.01,0.0001,20,2,,,10
1157,model_type.poincare,activation.dmelu,,0.0008158173,0.09046708,,7.479195e-05,1157,0.01,0.0001,20,2,,,10
1158,model_type.poincare,activation.dmelu,,0.0008058379,0.08936046,,7.41003e-05,1158,0.01,0.0001,20,2,,,10
1159,model_type.poincare,activation.dmelu,,0.0008081788,0.08962005,,7.356682e-05,1159,0.01,0.0001,20,2,,,10
1160,model_type.poincare,activation.dmelu,,0.0008113166,0.089967996,,7.335652e-05,1160,0.01,0.0001,20,2,,,10
1161,model_type.poincare,activation.dmelu,,0.0008025613,0.08899711,,7.3496296e-05,1161,0.01,0.0001,20,2,,,10
1162,model_type.poincare,activation.dmelu,,0.0008143096,0.0902999,,7.382136e-05,1162,0.01,0.0001,20,2,,,10
1163,model_type.poincare,activation.dmelu,,0.0008009284,0.08881604,,7.397055e-05,1163,0.01,0.0001,20,2,,,10
1164,model_type.poincare,activation.dmelu,,0.0008123538,0.09008302,,7.397152e-05,1164,0.01,0.0001,20,2,,,10
1165,model_type.poincare,activation.dmelu,,0.00080244127,0.088983804,,7.368116e-05,1165,0.01,0.0001,20,2,,,10
1166,model_type.poincare,activation.dmelu,,0.0008075086,0.08954573,,7.338796e-05,1166,0.01,0.0001,20,2,,,10
1167,model_type.poincare,activation.dmelu,,0.0008054926,0.089322165,,7.311001e-05,1167,0.01,0.0001,20,2,,,10
1168,model_type.poincare,activation.dmelu,,0.00080290437,0.08903515,,7.300428e-05,1168,0.01,0.0001,20,2,,,10
1169,model_type.poincare,activation.dmelu,,0.0008081136,0.08961281,,7.303694e-05,1169,0.01,0.0001,20,2,,,10
1170,model_type.poincare,activation.dmelu,,0.0008000825,0.08872224,,7.312254e-05,1170,0.01,0.0001,20,2,,,10
1171,model_type.poincare,activation.dmelu,,0.00080884097,0.08969347,,7.32456e-05,1171,0.01,0.0001,20,2,,,10
1172,model_type.poincare,activation.dmelu,,0.000799102,0.0886135,,7.325194e-05,1172,0.01,0.0001,20,2,,,10
1173,model_type.poincare,activation.dmelu,,0.000807432,0.089537226,,7.3244206e-05,1173,0.01,0.0001,20,2,,,10
1174,model_type.poincare,activation.dmelu,,0.00079949613,0.08865721,,7.311118e-05,1174,0.01,0.0001,20,2,,,10
1175,model_type.poincare,activation.dmelu,,0.00080496754,0.089263946,,7.3008036e-05,1175,0.01,0.0001,20,2,,,10
1176,model_type.poincare,activation.dmelu,,0.0008004489,0.088762864,,7.285854e-05,1176,0.01,0.0001,20,2,,,10
1177,model_type.poincare,activation.dmelu,,0.0008024042,0.08897969,,7.277276e-05,1177,0.01,0.0001,20,2,,,10
1178,model_type.poincare,activation.dmelu,,0.0008014084,0.08886926,,7.269176e-05,1178,0.01,0.0001,20,2,,,10
1179,model_type.poincare,activation.dmelu,,0.000800226,0.08873814,,7.2654446e-05,1179,0.01,0.0001,20,2,,,10
1180,model_type.poincare,activation.dmelu,,0.00080199307,0.0889341,,7.264358e-05,1180,0.01,0.0001,20,2,,,10
1181,model_type.poincare,activation.dmelu,,0.0007986357,0.088561796,,7.2640396e-05,1181,0.01,0.0001,20,2,,,10
1182,model_type.poincare,activation.dmelu,,0.00080210454,0.08894646,,7.2672854e-05,1182,0.01,0.0001,20,2,,,10
1183,model_type.poincare,activation.dmelu,,0.0007976458,0.08845202,,7.2688366e-05,1183,0.01,0.0001,20,2,,,10
1184,model_type.poincare,activation.dmelu,,0.00080177357,0.08890976,,7.2746174e-05,1184,0.01,0.0001,20,2,,,10
1185,model_type.poincare,activation.dmelu,,0.0007971409,0.088396035,,7.2780436e-05,1185,0.01,0.0001,20,2,,,10
1186,model_type.poincare,activation.dmelu,,0.0008011512,0.088840745,,7.288994e-05,1186,0.01,0.0001,20,2,,,10
1187,model_type.poincare,activation.dmelu,,0.0007973534,0.0884196,,7.302136e-05,1187,0.01,0.0001,20,2,,,10
1188,model_type.poincare,activation.dmelu,,0.00080048013,0.08876633,,7.334088e-05,1188,0.01,0.0001,20,2,,,10
1189,model_type.poincare,activation.dmelu,,0.0007993276,0.08863852,,7.388436e-05,1189,0.01,0.0001,20,2,,,10
1190,model_type.poincare,activation.dmelu,,0.0008007991,0.0888017,,7.501521e-05,1190,0.01,0.0001,20,2,,,10
1191,model_type.poincare,activation.dmelu,,0.00080662465,0.0894477,,7.715046e-05,1191,0.01,0.0001,20,2,,,10
1192,model_type.poincare,activation.dmelu,,0.00080685545,0.08947329,,8.142937e-05,1192,0.01,0.0001,20,2,,,10
1193,model_type.poincare,activation.dmelu,,0.0008309231,0.09214219,,8.971829e-05,1193,0.01,0.0001,20,2,,,10
1194,model_type.poincare,activation.dmelu,,0.00083645503,0.09275563,,0.00010562767,1194,0.01,0.0001,20,2,,,10
1195,model_type.poincare,activation.dmelu,,0.00089390296,0.099126115,,0.00013386727,1195,0.01,0.0001,20,2,,,10
1196,model_type.poincare,activation.dmelu,,0.0009102402,0.100937776,,0.00017751419,1196,0.01,0.0001,20,2,,,10
1197,model_type.poincare,activation.dmelu,,0.0009396795,0.10420234,,0.0002268802,1197,0.01,0.0001,20,2,,,10
1198,model_type.poincare,activation.dmelu,,0.0009378838,0.104003206,,0.0002537673,1198,0.01,0.0001,20,2,,,10
1199,model_type.poincare,activation.dmelu,,0.0008403393,0.09318636,,0.00023143734,1199,0.01,0.0001,20,2,,,10
1200,model_type.poincare,activation.dmelu,,0.00088774395,0.09844313,,0.00017444362,1200,0.01,0.0001,20,2,,,10
1201,model_type.poincare,activation.dmelu,,0.00078579003,0.08713733,,0.0001252835,1201,0.01,0.0001,20,2,,,10
1202,model_type.poincare,activation.dmelu,,0.00089906825,0.0996989,,0.00011550611,1202,0.01,0.0001,20,2,,,10
1203,model_type.poincare,activation.dmelu,,0.00082558626,0.09155038,,0.00014106256,1203,0.01,0.0001,20,2,,,10
1204,model_type.poincare,activation.dmelu,,0.00092859275,0.10297291,,0.00017216973,1204,0.01,0.0001,20,2,,,10
1205,model_type.poincare,activation.dmelu,,0.00080982904,0.08980304,,0.00017758763,1205,0.01,0.0001,20,2,,,10
1206,model_type.poincare,activation.dmelu,,0.0008828631,0.09790189,,0.00015481333,1206,0.01,0.0001,20,2,,,10
1207,model_type.poincare,activation.dmelu,,0.00081116945,0.08995168,,0.00013096962,1207,0.01,0.0001,20,2,,,10
1208,model_type.poincare,activation.dmelu,,0.0009112737,0.10105237,,0.00014180026,1208,0.01,0.0001,20,2,,,10
1209,model_type.poincare,activation.dmelu,,0.00085298286,0.09458843,,0.00017612317,1209,0.01,0.0001,20,2,,,10
1210,model_type.poincare,activation.dmelu,,0.0009104979,0.10096635,,0.00019118914,1210,0.01,0.0001,20,2,,,10
1211,model_type.poincare,activation.dmelu,,0.0007852272,0.08707491,,0.00016352994,1211,0.01,0.0001,20,2,,,10
1212,model_type.poincare,activation.dmelu,,0.0008804601,0.09763541,,0.00012852729,1212,0.01,0.0001,20,2,,,10
1213,model_type.poincare,activation.dmelu,,0.0007921228,0.08783957,,0.00011990576,1213,0.01,0.0001,20,2,,,10
1214,model_type.poincare,activation.dmelu,,0.00086948025,0.096417844,,0.00012957593,1214,0.01,0.0001,20,2,,,10
1215,model_type.poincare,activation.dmelu,,0.0007866486,0.08723253,,0.00012418127,1215,0.01,0.0001,20,2,,,10
1216,model_type.poincare,activation.dmelu,,0.00081275153,0.09012712,,9.9760735e-05,1216,0.01,0.0001,20,2,,,10
1217,model_type.poincare,activation.dmelu,,0.00079672446,0.08834986,,7.97227e-05,1217,0.01,0.0001,20,2,,,10
1218,model_type.poincare,activation.dmelu,,0.0007916771,0.08779015,,8.0430094e-05,1218,0.01,0.0001,20,2,,,10
1219,model_type.poincare,activation.dmelu,,0.0008372234,0.092840835,,9.256587e-05,1219,0.01,0.0001,20,2,,,10
1220,model_type.poincare,activation.dmelu,,0.0007754972,0.085995935,,9.908895e-05,1220,0.01,0.0001,20,2,,,10
1221,model_type.poincare,activation.dmelu,,0.0008377717,0.09290164,,9.6185046e-05,1221,0.01,0.0001,20,2,,,10
1222,model_type.poincare,activation.dmelu,,0.0007740494,0.08583538,,9.163756e-05,1222,0.01,0.0001,20,2,,,10
1223,model_type.poincare,activation.dmelu,,0.00083252153,0.092319444,,9.312734e-05,1223,0.01,0.0001,20,2,,,10
1224,model_type.poincare,activation.dmelu,,0.000787514,0.0873285,,9.729853e-05,1224,0.01,0.0001,20,2,,,10
1225,model_type.poincare,activation.dmelu,,0.0008149837,0.09037465,,9.756804e-05,1225,0.01,0.0001,20,2,,,10
1226,model_type.poincare,activation.dmelu,,0.0007838051,0.086917214,,9.0665184e-05,1226,0.01,0.0001,20,2,,,10
1227,model_type.poincare,activation.dmelu,,0.0008002254,0.088738084,,8.292186e-05,1227,0.01,0.0001,20,2,,,10
1228,model_type.poincare,activation.dmelu,,0.0007835114,0.08688464,,7.987029e-05,1228,0.01,0.0001,20,2,,,10
1229,model_type.poincare,activation.dmelu,,0.0008004565,0.08876371,,8.130408e-05,1229,0.01,0.0001,20,2,,,10
1230,model_type.poincare,activation.dmelu,,0.00078268885,0.08679343,,8.1512735e-05,1230,0.01,0.0001,20,2,,,10
1231,model_type.poincare,activation.dmelu,,0.0007872964,0.08730437,,7.828502e-05,1231,0.01,0.0001,20,2,,,10
1232,model_type.poincare,activation.dmelu,,0.00078933226,0.08753013,,7.454191e-05,1232,0.01,0.0001,20,2,,,10
1233,model_type.poincare,activation.dmelu,,0.00077754725,0.08622327,,7.4280266e-05,1233,0.01,0.0001,20,2,,,10
1234,model_type.poincare,activation.dmelu,,0.0008008018,0.088801995,,7.747606e-05,1234,0.01,0.0001,20,2,,,10
1235,model_type.poincare,activation.dmelu,,0.0007746586,0.085902944,,8.007802e-05,1235,0.01,0.0001,20,2,,,10
1236,model_type.poincare,activation.dmelu,,0.0007999225,0.08870449,,7.9850906e-05,1236,0.01,0.0001,20,2,,,10
1237,model_type.poincare,activation.dmelu,,0.0007713403,0.08553497,,7.816232e-05,1237,0.01,0.0001,20,2,,,10
1238,model_type.poincare,activation.dmelu,,0.00080183,0.08891602,,7.8386525e-05,1238,0.01,0.0001,20,2,,,10
1239,model_type.poincare,activation.dmelu,,0.000772128,0.08562232,,8.059332e-05,1239,0.01,0.0001,20,2,,,10
1240,model_type.poincare,activation.dmelu,,0.0008085993,0.08966667,,8.3385334e-05,1240,0.01,0.0001,20,2,,,10
1241,model_type.poincare,activation.dmelu,,0.00076636754,0.084983535,,8.473841e-05,1241,0.01,0.0001,20,2,,,10
1242,model_type.poincare,activation.dmelu,,0.0008196422,0.090891235,,8.594527e-05,1242,0.01,0.0001,20,2,,,10
1243,model_type.poincare,activation.dmelu,,0.0007599159,0.08426811,,8.795466e-05,1243,0.01,0.0001,20,2,,,10
1244,model_type.poincare,activation.dmelu,,0.00083658454,0.092769995,,9.236328e-05,1244,0.01,0.0001,20,2,,,10
1245,model_type.poincare,activation.dmelu,,0.0007611328,0.08440305,,9.817653e-05,1245,0.01,0.0001,20,2,,,10
1246,model_type.poincare,activation.dmelu,,0.00085627474,0.09495347,,0.000106343374,1246,0.01,0.0001,20,2,,,10
1247,model_type.poincare,activation.dmelu,,0.0007703221,0.08542206,,0.00011619989,1247,0.01,0.0001,20,2,,,10
1248,model_type.poincare,activation.dmelu,,0.0008906856,0.09876934,,0.00013035859,1248,0.01,0.0001,20,2,,,10
1249,model_type.poincare,activation.dmelu,,0.00078758044,0.08733586,,0.00014838921,1249,0.01,0.0001,20,2,,,10
1250,model_type.poincare,activation.dmelu,,0.0009480222,0.10512747,,0.00017364664,1250,0.01,0.0001,20,2,,,10
1251,model_type.poincare,activation.dmelu,,0.0008159824,0.090485394,,0.00020241695,1251,0.01,0.0001,20,2,,,10
1252,model_type.poincare,activation.dmelu,,0.0010053625,0.11148601,,0.00023490086,1252,0.01,0.0001,20,2,,,10
1253,model_type.poincare,activation.dmelu,,0.0008325072,0.09231786,,0.00025905305,1253,0.01,0.0001,20,2,,,10
1254,model_type.poincare,activation.dmelu,,0.0010008127,0.11098148,,0.00027077246,1254,0.01,0.0001,20,2,,,10
1255,model_type.poincare,activation.dmelu,,0.00080152426,0.08888211,,0.00025446436,1255,0.01,0.0001,20,2,,,10
1256,model_type.poincare,activation.dmelu,,0.00089727127,0.09949963,,0.00021448158,1256,0.01,0.0001,20,2,,,10
1257,model_type.poincare,activation.dmelu,,0.000760183,0.084297724,,0.00015582948,1257,0.01,0.0001,20,2,,,10
1258,model_type.poincare,activation.dmelu,,0.000785106,0.087061465,,0.00010358857,1258,0.01,0.0001,20,2,,,10
1259,model_type.poincare,activation.dmelu,,0.0007934006,0.08798127,,7.548124e-05,1259,0.01,0.0001,20,2,,,10
1260,model_type.poincare,activation.dmelu,,0.00075839064,0.084098965,,7.846352e-05,1260,0.01,0.0001,20,2,,,10
1261,model_type.poincare,activation.dmelu,,0.0008648384,0.095903106,,0.00010258422,1261,0.01,0.0001,20,2,,,10
1262,model_type.poincare,activation.dmelu,,0.0007690362,0.085279465,,0.00012870056,1262,0.01,0.0001,20,2,,,10
1263,model_type.poincare,activation.dmelu,,0.0008701768,0.09649509,,0.00014220044,1263,0.01,0.0001,20,2,,,10
1264,model_type.poincare,activation.dmelu,,0.0007619251,0.08449091,,0.00013432666,1264,0.01,0.0001,20,2,,,10
1265,model_type.poincare,activation.dmelu,,0.0008062004,0.08940066,,0.00011276473,1265,0.01,0.0001,20,2,,,10
1266,model_type.poincare,activation.dmelu,,0.00076897745,0.08527295,,8.8601904e-05,1266,0.01,0.0001,20,2,,,10
1267,model_type.poincare,activation.dmelu,,0.00075983594,0.084259234,,7.5091935e-05,1267,0.01,0.0001,20,2,,,10
1268,model_type.poincare,activation.dmelu,,0.00080662983,0.08944827,,7.584798e-05,1268,0.01,0.0001,20,2,,,10
1269,model_type.poincare,activation.dmelu,,0.00075656164,0.083896145,,8.641982e-05,1269,0.01,0.0001,20,2,,,10
1270,model_type.poincare,activation.dmelu,,0.00082768156,0.091782734,,9.86336e-05,1270,0.01,0.0001,20,2,,,10
1271,model_type.poincare,activation.dmelu,,0.0007603437,0.084315546,,0.00010412393,1271,0.01,0.0001,20,2,,,10
1272,model_type.poincare,activation.dmelu,,0.00080656406,0.08944098,,0.000101337115,1272,0.01,0.0001,20,2,,,10
1273,model_type.poincare,activation.dmelu,,0.00076036464,0.08431786,,9.139811e-05,1273,0.01,0.0001,20,2,,,10
1274,model_type.poincare,activation.dmelu,,0.00077359524,0.085785024,,8.083358e-05,1274,0.01,0.0001,20,2,,,10
1275,model_type.poincare,activation.dmelu,,0.00077291025,0.085709065,,7.3974545e-05,1275,0.01,0.0001,20,2,,,10
1276,model_type.poincare,activation.dmelu,,0.0007584484,0.08410537,,7.3306066e-05,1276,0.01,0.0001,20,2,,,10
1277,model_type.poincare,activation.dmelu,,0.00079262996,0.08789581,,7.7443896e-05,1277,0.01,0.0001,20,2,,,10
1278,model_type.poincare,activation.dmelu,,0.00075577584,0.08380901,,8.28016e-05,1278,0.01,0.0001,20,2,,,10
1279,model_type.poincare,activation.dmelu,,0.0007990739,0.08861039,,8.672652e-05,1279,0.01,0.0001,20,2,,,10
1280,model_type.poincare,activation.dmelu,,0.00075387175,0.08359786,,8.6901244e-05,1280,0.01,0.0001,20,2,,,10
1281,model_type.poincare,activation.dmelu,,0.0007876747,0.087346315,,8.434579e-05,1281,0.01,0.0001,20,2,,,10
1282,model_type.poincare,activation.dmelu,,0.0007553079,0.08375712,,7.979076e-05,1282,0.01,0.0001,20,2,,,10
1283,model_type.poincare,activation.dmelu,,0.00077055546,0.08544794,,7.568033e-05,1283,0.01,0.0001,20,2,,,10
1284,model_type.poincare,activation.dmelu,,0.0007640406,0.0847255,,7.291729e-05,1284,0.01,0.0001,20,2,,,10
1285,model_type.poincare,activation.dmelu,,0.000758347,0.08409413,,7.2229275e-05,1285,0.01,0.0001,20,2,,,10
1286,model_type.poincare,activation.dmelu,,0.0007756271,0.086010344,,7.323015e-05,1286,0.01,0.0001,20,2,,,10
1287,model_type.poincare,activation.dmelu,,0.00075244624,0.08343978,,7.5019605e-05,1287,0.01,0.0001,20,2,,,10
1288,model_type.poincare,activation.dmelu,,0.00078263175,0.0867871,,7.7005716e-05,1288,0.01,0.0001,20,2,,,10
1289,model_type.poincare,activation.dmelu,,0.00075028394,0.08320001,,7.816094e-05,1289,0.01,0.0001,20,2,,,10
1290,model_type.poincare,activation.dmelu,,0.0007819269,0.08670893,,7.86278e-05,1290,0.01,0.0001,20,2,,,10
1291,model_type.poincare,activation.dmelu,,0.0007502592,0.08319726,,7.7932484e-05,1291,0.01,0.0001,20,2,,,10
1292,model_type.poincare,activation.dmelu,,0.0007756328,0.08601097,,7.683571e-05,1292,0.01,0.0001,20,2,,,10
1293,model_type.poincare,activation.dmelu,,0.00075202575,0.08339316,,7.5250704e-05,1293,0.01,0.0001,20,2,,,10
1294,model_type.poincare,activation.dmelu,,0.0007677757,0.08513969,,7.39091e-05,1294,0.01,0.0001,20,2,,,10
1295,model_type.poincare,activation.dmelu,,0.000755412,0.08376866,,7.269388e-05,1295,0.01,0.0001,20,2,,,10
1296,model_type.poincare,activation.dmelu,,0.00076077983,0.08436391,,7.1945666e-05,1296,0.01,0.0001,20,2,,,10
1297,model_type.poincare,activation.dmelu,,0.0007593172,0.084201716,,7.148943e-05,1297,0.01,0.0001,20,2,,,10
1298,model_type.poincare,activation.dmelu,,0.0007557779,0.083809234,,7.1365976e-05,1298,0.01,0.0001,20,2,,,10
1299,model_type.poincare,activation.dmelu,,0.0007625915,0.084564805,,7.1483955e-05,1299,0.01,0.0001,20,2,,,10
1300,model_type.poincare,activation.dmelu,,0.000752478,0.08344331,,7.172776e-05,1300,0.01,0.0001,20,2,,,10
1301,model_type.poincare,activation.dmelu,,0.0007653841,0.08487448,,7.214874e-05,1301,0.01,0.0001,20,2,,,10
1302,model_type.poincare,activation.dmelu,,0.00074984727,0.08315158,,7.25532e-05,1302,0.01,0.0001,20,2,,,10
1303,model_type.poincare,activation.dmelu,,0.00076827826,0.08519542,,7.31322e-05,1303,0.01,0.0001,20,2,,,10
1304,model_type.poincare,activation.dmelu,,0.0007473145,0.082870714,,7.364104e-05,1304,0.01,0.0001,20,2,,,10
1305,model_type.poincare,activation.dmelu,,0.00077178766,0.08558458,,7.4398726e-05,1305,0.01,0.0001,20,2,,,10
1306,model_type.poincare,activation.dmelu,,0.00074467703,0.08257825,,7.5132186e-05,1306,0.01,0.0001,20,2,,,10
1307,model_type.poincare,activation.dmelu,,0.00077704084,0.08616711,,7.630984e-05,1307,0.01,0.0001,20,2,,,10
1308,model_type.poincare,activation.dmelu,,0.0007418835,0.08226846,,7.763945e-05,1308,0.01,0.0001,20,2,,,10
1309,model_type.poincare,activation.dmelu,,0.00078575185,0.08713309,,7.980063e-05,1309,0.01,0.0001,20,2,,,10
1310,model_type.poincare,activation.dmelu,,0.00073979853,0.08203726,,8.2518105e-05,1310,0.01,0.0001,20,2,,,10
1311,model_type.poincare,activation.dmelu,,0.00080100744,0.0888248,,8.68714e-05,1311,0.01,0.0001,20,2,,,10
1312,model_type.poincare,activation.dmelu,,0.00074051484,0.08211669,,9.2734925e-05,1312,0.01,0.0001,20,2,,,10
1313,model_type.poincare,activation.dmelu,,0.0008296418,0.092000104,,0.00010202523,1313,0.01,0.0001,20,2,,,10
1314,model_type.poincare,activation.dmelu,,0.00074939436,0.083101355,,0.00011498911,1314,0.01,0.0001,20,2,,,10
1315,model_type.poincare,activation.dmelu,,0.0008838039,0.09800621,,0.00013509738,1315,0.01,0.0001,20,2,,,10
1316,model_type.poincare,activation.dmelu,,0.00077794195,0.08626704,,0.00016279836,1316,0.01,0.0001,20,2,,,10
1317,model_type.poincare,activation.dmelu,,0.00097622,0.10825436,,0.00020318292,1317,0.01,0.0001,20,2,,,10
1318,model_type.poincare,activation.dmelu,,0.00083455874,0.09254535,,0.00025310705,1318,0.01,0.0001,20,2,,,10
1319,model_type.poincare,activation.dmelu,,0.0010816882,0.11994988,,0.00031356968,1319,0.01,0.0001,20,2,,,10
1320,model_type.poincare,activation.dmelu,,0.00087505096,0.09703559,,0.00036322334,1320,0.01,0.0001,20,2,,,10
1321,model_type.poincare,activation.dmelu,,0.0010683283,0.118468374,,0.00038723843,1321,0.01,0.0001,20,2,,,10
1322,model_type.poincare,activation.dmelu,,0.00080477353,0.08924243,,0.00034962012,1322,0.01,0.0001,20,2,,,10
1323,model_type.poincare,activation.dmelu,,0.00086762354,0.096211955,,0.00026075228,1323,0.01,0.0001,20,2,,,10
1324,model_type.poincare,activation.dmelu,,0.0007381904,0.08185894,,0.00015067207,1324,0.01,0.0001,20,2,,,10
1325,model_type.poincare,activation.dmelu,,0.00073916063,0.08196653,,8.1377766e-05,1325,0.01,0.0001,20,2,,,10
1326,model_type.poincare,activation.dmelu,,0.00084206974,0.09337825,,8.079811e-05,1326,0.01,0.0001,20,2,,,10
1327,model_type.poincare,activation.dmelu,,0.0007652334,0.08485777,,0.00012993193,1327,0.01,0.0001,20,2,,,10
1328,model_type.poincare,activation.dmelu,,0.0009077975,0.100666896,,0.00018097946,1328,0.01,0.0001,20,2,,,10
1329,model_type.poincare,activation.dmelu,,0.0007516469,0.08335114,,0.0001887789,1329,0.01,0.0001,20,2,,,10
1330,model_type.poincare,activation.dmelu,,0.0008032654,0.089075185,,0.00015152118,1330,0.01,0.0001,20,2,,,10
1331,model_type.poincare,activation.dmelu,,0.0007458074,0.0827036,,9.888724e-05,1331,0.01,0.0001,20,2,,,10
1332,model_type.poincare,activation.dmelu,,0.0007374304,0.08177466,,7.36081e-05,1332,0.01,0.0001,20,2,,,10
1333,model_type.poincare,activation.dmelu,,0.00082467956,0.091449834,,8.7141954e-05,1333,0.01,0.0001,20,2,,,10
1334,model_type.poincare,activation.dmelu,,0.0007445896,0.08256855,,0.00011727155,1334,0.01,0.0001,20,2,,,10
1335,model_type.poincare,activation.dmelu,,0.000830533,0.09209893,,0.00013376905,1335,0.01,0.0001,20,2,,,10
1336,model_type.poincare,activation.dmelu,,0.00073385553,0.08137824,,0.000121121186,1336,0.01,0.0001,20,2,,,10
1337,model_type.poincare,activation.dmelu,,0.0007589902,0.084165454,,9.3969815e-05,1337,0.01,0.0001,20,2,,,10
1338,model_type.poincare,activation.dmelu,,0.000762109,0.0845113,,7.4874515e-05,1338,0.01,0.0001,20,2,,,10
1339,model_type.poincare,activation.dmelu,,0.0007345265,0.08145264,,7.697134e-05,1339,0.01,0.0001,20,2,,,10
1340,model_type.poincare,activation.dmelu,,0.0008063346,0.089415535,,9.267371e-05,1340,0.01,0.0001,20,2,,,10
1341,model_type.poincare,activation.dmelu,,0.0007332773,0.08131412,,0.00010419525,1341,0.01,0.0001,20,2,,,10
1342,model_type.poincare,activation.dmelu,,0.00078447897,0.086991936,,0.000102114565,1342,0.01,0.0001,20,2,,,10
1343,model_type.poincare,activation.dmelu,,0.00073561084,0.08157288,,8.8448876e-05,1343,0.01,0.0001,20,2,,,10
1344,model_type.poincare,activation.dmelu,,0.00074250903,0.082337834,,7.597022e-05,1344,0.01,0.0001,20,2,,,10
1345,model_type.poincare,activation.dmelu,,0.0007659488,0.0849371,,7.310997e-05,1345,0.01,0.0001,20,2,,,10
1346,model_type.poincare,activation.dmelu,,0.0007307636,0.08103537,,7.9409656e-05,1346,0.01,0.0001,20,2,,,10
1347,model_type.poincare,activation.dmelu,,0.00078369735,0.08690526,,8.74898e-05,1347,0.01,0.0001,20,2,,,10
1348,model_type.poincare,activation.dmelu,,0.0007292903,0.08087199,,8.954047e-05,1348,0.01,0.0001,20,2,,,10
1349,model_type.poincare,activation.dmelu,,0.0007621229,0.084512845,,8.501682e-05,1349,0.01,0.0001,20,2,,,10
1350,model_type.poincare,activation.dmelu,,0.0007377076,0.08180539,,7.7328375e-05,1350,0.01,0.0001,20,2,,,10
1351,model_type.poincare,activation.dmelu,,0.0007370097,0.081728004,,7.255571e-05,1351,0.01,0.0001,20,2,,,10
1352,model_type.poincare,activation.dmelu,,0.000758622,0.084124625,,7.2918905e-05,1352,0.01,0.0001,20,2,,,10
1353,model_type.poincare,activation.dmelu,,0.0007286594,0.08080203,,7.666238e-05,1353,0.01,0.0001,20,2,,,10
1354,model_type.poincare,activation.dmelu,,0.0007669684,0.085050166,,8.0325466e-05,1354,0.01,0.0001,20,2,,,10
1355,model_type.poincare,activation.dmelu,,0.0007280369,0.080733,,8.0740814e-05,1355,0.01,0.0001,20,2,,,10
1356,model_type.poincare,activation.dmelu,,0.0007535237,0.08355927,,7.832171e-05,1356,0.01,0.0001,20,2,,,10
1357,model_type.poincare,activation.dmelu,,0.0007347323,0.08147547,,7.446096e-05,1357,0.01,0.0001,20,2,,,10
1358,model_type.poincare,activation.dmelu,,0.0007366553,0.08168871,,7.190332e-05,1358,0.01,0.0001,20,2,,,10
1359,model_type.poincare,activation.dmelu,,0.0007478067,0.0829253,,7.158288e-05,1359,0.01,0.0001,20,2,,,10
1360,model_type.poincare,activation.dmelu,,0.0007284737,0.08078144,,7.302712e-05,1360,0.01,0.0001,20,2,,,10
1361,model_type.poincare,activation.dmelu,,0.00075536215,0.08376314,,7.4989635e-05,1361,0.01,0.0001,20,2,,,10
1362,model_type.poincare,activation.dmelu,,0.0007266459,0.08057875,,7.587526e-05,1362,0.01,0.0001,20,2,,,10
1363,model_type.poincare,activation.dmelu,,0.00075053715,0.08322808,,7.5529526e-05,1363,0.01,0.0001,20,2,,,10
1364,model_type.poincare,activation.dmelu,,0.0007293725,0.080881104,,7.393041e-05,1364,0.01,0.0001,20,2,,,10
1365,model_type.poincare,activation.dmelu,,0.00073978305,0.08203555,,7.2294584e-05,1365,0.01,0.0001,20,2,,,10
1366,model_type.poincare,activation.dmelu,,0.00073618826,0.08163691,,7.1124545e-05,1366,0.01,0.0001,20,2,,,10
1367,model_type.poincare,activation.dmelu,,0.00073117646,0.08108115,,7.0882204e-05,1367,0.01,0.0001,20,2,,,10
1368,model_type.poincare,activation.dmelu,,0.00074328174,0.08242352,,7.138741e-05,1368,0.01,0.0001,20,2,,,10
1369,model_type.poincare,activation.dmelu,,0.0007266629,0.08058064,,7.212032e-05,1369,0.01,0.0001,20,2,,,10
1370,model_type.poincare,activation.dmelu,,0.00074577547,0.08270005,,7.279277e-05,1370,0.01,0.0001,20,2,,,10
1371,model_type.poincare,activation.dmelu,,0.00072541175,0.08044189,,7.29141e-05,1371,0.01,0.0001,20,2,,,10
1372,model_type.poincare,activation.dmelu,,0.0007431079,0.08240425,,7.273044e-05,1372,0.01,0.0001,20,2,,,10
1373,model_type.poincare,activation.dmelu,,0.0007265988,0.08057352,,7.2109506e-05,1373,0.01,0.0001,20,2,,,10
1374,model_type.poincare,activation.dmelu,,0.0007377673,0.08181202,,7.150989e-05,1374,0.01,0.0001,20,2,,,10
1375,model_type.poincare,activation.dmelu,,0.00072956126,0.08090204,,7.090954e-05,1375,0.01,0.0001,20,2,,,10
1376,model_type.poincare,activation.dmelu,,0.0007322541,0.08120065,,7.056335e-05,1376,0.01,0.0001,20,2,,,10
1377,model_type.poincare,activation.dmelu,,0.00073303754,0.081287526,,7.041586e-05,1377,0.01,0.0001,20,2,,,10
1378,model_type.poincare,activation.dmelu,,0.0007280319,0.08073245,,7.0470276e-05,1378,0.01,0.0001,20,2,,,10
1379,model_type.poincare,activation.dmelu,,0.0007358802,0.08160276,,7.0694194e-05,1379,0.01,0.0001,20,2,,,10
1380,model_type.poincare,activation.dmelu,,0.00072541164,0.08044188,,7.0931885e-05,1380,0.01,0.0001,20,2,,,10
1381,model_type.poincare,activation.dmelu,,0.000737371,0.081768066,,7.124439e-05,1381,0.01,0.0001,20,2,,,10
1382,model_type.poincare,activation.dmelu,,0.00072412554,0.080299266,,7.144817e-05,1382,0.01,0.0001,20,2,,,10
1383,model_type.poincare,activation.dmelu,,0.00073764083,0.081797995,,7.173122e-05,1383,0.01,0.0001,20,2,,,10
1384,model_type.poincare,activation.dmelu,,0.00072419643,0.080307126,,7.198236e-05,1384,0.01,0.0001,20,2,,,10
1385,model_type.poincare,activation.dmelu,,0.00073781796,0.081817634,,7.2533156e-05,1385,0.01,0.0001,20,2,,,10
1386,model_type.poincare,activation.dmelu,,0.0007266201,0.08057588,,7.342799e-05,1386,0.01,0.0001,20,2,,,10
1387,model_type.poincare,activation.dmelu,,0.0007405561,0.08212127,,7.5278396e-05,1387,0.01,0.0001,20,2,,,10
1388,model_type.poincare,activation.dmelu,,0.0007355378,0.081564784,,7.868278e-05,1388,0.01,0.0001,20,2,,,10
1389,model_type.poincare,activation.dmelu,,0.0007539742,0.08360922,,8.528234e-05,1389,0.01,0.0001,20,2,,,10
1390,model_type.poincare,activation.dmelu,,0.0007651176,0.084844925,,9.7584016e-05,1390,0.01,0.0001,20,2,,,10
1391,model_type.poincare,activation.dmelu,,0.00080318697,0.08906649,,0.00012033366,1391,0.01,0.0001,20,2,,,10
1392,model_type.poincare,activation.dmelu,,0.0008452627,0.09373233,,0.0001597498,1392,0.01,0.0001,20,2,,,10
1393,model_type.poincare,activation.dmelu,,0.00091931684,0.10194429,,0.00022109477,1393,0.01,0.0001,20,2,,,10
1394,model_type.poincare,activation.dmelu,,0.0009346972,0.10364984,,0.00029649853,1394,0.01,0.0001,20,2,,,10
1395,model_type.poincare,activation.dmelu,,0.00097564067,0.10819012,,0.0003517806,1395,0.01,0.0001,20,2,,,10
1396,model_type.poincare,activation.dmelu,,0.00082415406,0.09139156,,0.00033637372,1396,0.01,0.0001,20,2,,,10
1397,model_type.poincare,activation.dmelu,,0.00083874445,0.09300951,,0.00024316511,1397,0.01,0.0001,20,2,,,10
1398,model_type.poincare,activation.dmelu,,0.000721995,0.08006301,,0.00014103929,1398,0.01,0.0001,20,2,,,10
1399,model_type.poincare,activation.dmelu,,0.0008263149,0.09163118,,0.000111196416,1399,0.01,0.0001,20,2,,,10
1400,model_type.poincare,activation.dmelu,,0.0008040912,0.08916677,,0.00015386217,1400,0.01,0.0001,20,2,,,10
1401,model_type.poincare,activation.dmelu,,0.00081809924,0.09072013,,0.00019284127,1401,0.01,0.0001,20,2,,,10
1402,model_type.poincare,activation.dmelu,,0.00076486066,0.08481643,,0.00016908116,1402,0.01,0.0001,20,2,,,10
1403,model_type.poincare,activation.dmelu,,0.000741697,0.082247786,,0.00011314893,1403,0.01,0.0001,20,2,,,10
1404,model_type.poincare,activation.dmelu,,0.0007895312,0.08755219,,9.574391e-05,1404,0.01,0.0001,20,2,,,10
1405,model_type.poincare,activation.dmelu,,0.0007795098,0.0864409,,0.00012785227,1405,0.01,0.0001,20,2,,,10
1406,model_type.poincare,activation.dmelu,,0.00077064754,0.08545815,,0.00014747925,1406,0.01,0.0001,20,2,,,10
1407,model_type.poincare,activation.dmelu,,0.0007434671,0.08244408,,0.00011815414,1407,0.01,0.0001,20,2,,,10
1408,model_type.poincare,activation.dmelu,,0.0007274864,0.08067195,,8.012557e-05,1408,0.01,0.0001,20,2,,,10
1409,model_type.poincare,activation.dmelu,,0.0007767682,0.08613688,,8.40312e-05,1409,0.01,0.0001,20,2,,,10
1410,model_type.poincare,activation.dmelu,,0.0007608588,0.08437267,,0.00011430018,1410,0.01,0.0001,20,2,,,10
1411,model_type.poincare,activation.dmelu,,0.0007469928,0.08283505,,0.000120424076,1411,0.01,0.0001,20,2,,,10
1412,model_type.poincare,activation.dmelu,,0.00073637516,0.08165764,,9.450456e-05,1412,0.01,0.0001,20,2,,,10
1413,model_type.poincare,activation.dmelu,,0.0007257204,0.08047612,,7.41864e-05,1413,0.01,0.0001,20,2,,,10
1414,model_type.poincare,activation.dmelu,,0.0007651487,0.08484838,,8.3113126e-05,1414,0.01,0.0001,20,2,,,10
1415,model_type.poincare,activation.dmelu,,0.0007318554,0.08115644,,0.000100502344,1415,0.01,0.0001,20,2,,,10
1416,model_type.poincare,activation.dmelu,,0.0007493329,0.08309454,,9.879586e-05,1416,0.01,0.0001,20,2,,,10
1417,model_type.poincare,activation.dmelu,,0.0007178517,0.079603545,,8.2280254e-05,1417,0.01,0.0001,20,2,,,10
1418,model_type.poincare,activation.dmelu,,0.00073922344,0.08197349,,7.4687814e-05,1418,0.01,0.0001,20,2,,,10
1419,model_type.poincare,activation.dmelu,,0.0007358527,0.081599705,,8.215645e-05,1419,0.01,0.0001,20,2,,,10
1420,model_type.poincare,activation.dmelu,,0.0007307385,0.08103258,,8.867454e-05,1420,0.01,0.0001,20,2,,,10
1421,model_type.poincare,activation.dmelu,,0.00073098077,0.08105945,,8.323676e-05,1421,0.01,0.0001,20,2,,,10
1422,model_type.poincare,activation.dmelu,,0.0007188775,0.0797173,,7.486463e-05,1422,0.01,0.0001,20,2,,,10
1423,model_type.poincare,activation.dmelu,,0.00073511864,0.0815183,,7.505066e-05,1423,0.01,0.0001,20,2,,,10
1424,model_type.poincare,activation.dmelu,,0.00072475447,0.080369,,8.079563e-05,1424,0.01,0.0001,20,2,,,10
1425,model_type.poincare,activation.dmelu,,0.000725067,0.08040366,,8.1523365e-05,1425,0.01,0.0001,20,2,,,10
1426,model_type.poincare,activation.dmelu,,0.000721535,0.08001199,,7.575179e-05,1426,0.01,0.0001,20,2,,,10
1427,model_type.poincare,activation.dmelu,,0.00071862363,0.07968915,,7.1684386e-05,1427,0.01,0.0001,20,2,,,10
1428,model_type.poincare,activation.dmelu,,0.0007255947,0.08046218,,7.390112e-05,1428,0.01,0.0001,20,2,,,10
1429,model_type.poincare,activation.dmelu,,0.0007233562,0.08021395,,7.7939156e-05,1429,0.01,0.0001,20,2,,,10
1430,model_type.poincare,activation.dmelu,,0.000717199,0.07953117,,7.7705205e-05,1430,0.01,0.0001,20,2,,,10
1431,model_type.poincare,activation.dmelu,,0.0007210769,0.079961196,,7.385593e-05,1431,0.01,0.0001,20,2,,,10
1432,model_type.poincare,activation.dmelu,,0.0007114736,0.07889627,,7.1291906e-05,1432,0.01,0.0001,20,2,,,10
1433,model_type.poincare,activation.dmelu,,0.0007266794,0.08058246,,7.25084e-05,1433,0.01,0.0001,20,2,,,10
1434,model_type.poincare,activation.dmelu,,0.00070906826,0.07862954,,7.492127e-05,1434,0.01,0.0001,20,2,,,10
1435,model_type.poincare,activation.dmelu,,0.00072848843,0.08078307,,7.543434e-05,1435,0.01,0.0001,20,2,,,10
1436,model_type.poincare,activation.dmelu,,0.00070296164,0.07795237,,7.3842966e-05,1436,0.01,0.0001,20,2,,,10
1437,model_type.poincare,activation.dmelu,,0.0007309706,0.08105832,,7.296074e-05,1437,0.01,0.0001,20,2,,,10
1438,model_type.poincare,activation.dmelu,,0.0007012753,0.07776537,,7.4165735e-05,1438,0.01,0.0001,20,2,,,10
1439,model_type.poincare,activation.dmelu,,0.0007382682,0.08186756,,7.6736695e-05,1439,0.01,0.0001,20,2,,,10
1440,model_type.poincare,activation.dmelu,,0.00069819775,0.077424094,,7.887572e-05,1440,0.01,0.0001,20,2,,,10
1441,model_type.poincare,activation.dmelu,,0.00075049547,0.08322346,,8.139313e-05,1441,0.01,0.0001,20,2,,,10
1442,model_type.poincare,activation.dmelu,,0.0006981701,0.07742103,,8.6019616e-05,1442,0.01,0.0001,20,2,,,10
1443,model_type.poincare,activation.dmelu,,0.0007836638,0.086901546,,9.5829906e-05,1443,0.01,0.0001,20,2,,,10
1444,model_type.poincare,activation.dmelu,,0.000708655,0.07858371,,0.00011173347,1444,0.01,0.0001,20,2,,,10
1445,model_type.poincare,activation.dmelu,,0.0008607115,0.09544547,,0.00013772659,1445,0.01,0.0001,20,2,,,10
1446,model_type.poincare,activation.dmelu,,0.00075016334,0.083186634,,0.00017734147,1446,0.01,0.0001,20,2,,,10
1447,model_type.poincare,activation.dmelu,,0.0010194791,0.11305142,,0.00024131309,1447,0.01,0.0001,20,2,,,10
1448,model_type.poincare,activation.dmelu,,0.00086233654,0.09562567,,0.00033188806,1448,0.01,0.0001,20,2,,,10
1449,model_type.poincare,activation.dmelu,,0.0012259863,0.13595128,,0.00045097113,1449,0.01,0.0001,20,2,,,10
1450,model_type.poincare,activation.dmelu,,0.0009480431,0.105129786,,0.0005546183,1450,0.01,0.0001,20,2,,,10
1451,model_type.poincare,activation.dmelu,,0.0011513729,0.1276773,,0.0005918912,1451,0.01,0.0001,20,2,,,10
1452,model_type.poincare,activation.dmelu,,0.0007846247,0.0870081,,0.00048504016,1452,0.01,0.0001,20,2,,,10
1453,model_type.poincare,activation.dmelu,,0.0007676099,0.085121304,,0.00028592293,1453,0.01,0.0001,20,2,,,10
1454,model_type.poincare,activation.dmelu,,0.000759973,0.08427444,,0.00011597235,1454,0.01,0.0001,20,2,,,10
1455,model_type.poincare,activation.dmelu,,0.00071793876,0.0796132,,9.1118214e-05,1455,0.01,0.0001,20,2,,,10
1456,model_type.poincare,activation.dmelu,,0.0009490751,0.10524423,,0.0001854146,1456,0.01,0.0001,20,2,,,10
1457,model_type.poincare,activation.dmelu,,0.0007710548,0.08550332,,0.00027142907,1457,0.01,0.0001,20,2,,,10
1458,model_type.poincare,activation.dmelu,,0.0008118765,0.09003009,,0.00025636432,1458,0.01,0.0001,20,2,,,10
1459,model_type.poincare,activation.dmelu,,0.0007276848,0.08069396,,0.00015614559,1459,0.01,0.0001,20,2,,,10
1460,model_type.poincare,activation.dmelu,,0.00069124496,0.07665309,,8.578633e-05,1460,0.01,0.0001,20,2,,,10
1461,model_type.poincare,activation.dmelu,,0.00083877845,0.09301328,,0.000106679676,1461,0.01,0.0001,20,2,,,10
1462,model_type.poincare,activation.dmelu,,0.0007377858,0.08181407,,0.00016738276,1462,0.01,0.0001,20,2,,,10
1463,model_type.poincare,activation.dmelu,,0.0007826925,0.08679383,,0.00018197077,1463,0.01,0.0001,20,2,,,10
1464,model_type.poincare,activation.dmelu,,0.00071990857,0.07983164,,0.00013144278,1464,0.01,0.0001,20,2,,,10
1465,model_type.poincare,activation.dmelu,,0.0006920543,0.076742835,,8.383677e-05,1465,0.01,0.0001,20,2,,,10
1466,model_type.poincare,activation.dmelu,,0.0007888014,0.08747126,,9.028826e-05,1466,0.01,0.0001,20,2,,,10
1467,model_type.poincare,activation.dmelu,,0.000719428,0.07977835,,0.00012662991,1467,0.01,0.0001,20,2,,,10
1468,model_type.poincare,activation.dmelu,,0.0007532833,0.08353261,,0.00013707922,1468,0.01,0.0001,20,2,,,10
1469,model_type.poincare,activation.dmelu,,0.00071287685,0.07905188,,0.00010714108,1469,0.01,0.0001,20,2,,,10
1470,model_type.poincare,activation.dmelu,,0.0006955845,0.07713431,,7.906635e-05,1470,0.01,0.0001,20,2,,,10
1471,model_type.poincare,activation.dmelu,,0.0007588493,0.08414983,,8.3928506e-05,1471,0.01,0.0001,20,2,,,10
1472,model_type.poincare,activation.dmelu,,0.0007078151,0.07849058,,0.00010540941,1472,0.01,0.0001,20,2,,,10
1473,model_type.poincare,activation.dmelu,,0.0007360544,0.08162207,,0.000110397945,1473,0.01,0.0001,20,2,,,10
1474,model_type.poincare,activation.dmelu,,0.0007056017,0.07824513,,9.2289134e-05,1474,0.01,0.0001,20,2,,,10
1475,model_type.poincare,activation.dmelu,,0.00069739466,0.07733504,,7.636322e-05,1475,0.01,0.0001,20,2,,,10
1476,model_type.poincare,activation.dmelu,,0.00073827803,0.081868656,,7.93423e-05,1476,0.01,0.0001,20,2,,,10
1477,model_type.poincare,activation.dmelu,,0.0006987677,0.0774873,,9.153992e-05,1477,0.01,0.0001,20,2,,,10
1478,model_type.poincare,activation.dmelu,,0.00072675187,0.0805905,,9.471171e-05,1478,0.01,0.0001,20,2,,,10
1479,model_type.poincare,activation.dmelu,,0.00069971825,0.07759271,,8.461881e-05,1479,0.01,0.0001,20,2,,,10
1480,model_type.poincare,activation.dmelu,,0.000696776,0.07726644,,7.4882e-05,1480,0.01,0.0001,20,2,,,10
1481,model_type.poincare,activation.dmelu,,0.00072363386,0.08024474,,7.538831e-05,1481,0.01,0.0001,20,2,,,10
1482,model_type.poincare,activation.dmelu,,0.0006927004,0.07681449,,8.224576e-05,1482,0.01,0.0001,20,2,,,10
1483,model_type.poincare,activation.dmelu,,0.0007206137,0.07990983,,8.541649e-05,1483,0.01,0.0001,20,2,,,10
1484,model_type.poincare,activation.dmelu,,0.00069497444,0.07706666,,8.049802e-05,1484,0.01,0.0001,20,2,,,10
1485,model_type.poincare,activation.dmelu,,0.00069591973,0.07717148,,7.394791e-05,1485,0.01,0.0001,20,2,,,10
1486,model_type.poincare,activation.dmelu,,0.00071272394,0.079034925,,7.252098e-05,1486,0.01,0.0001,20,2,,,10
1487,model_type.poincare,activation.dmelu,,0.0006892784,0.07643502,,7.6217584e-05,1487,0.01,0.0001,20,2,,,10
1488,model_type.poincare,activation.dmelu,,0.0007151696,0.079306126,,7.944811e-05,1488,0.01,0.0001,20,2,,,10
1489,model_type.poincare,activation.dmelu,,0.00069082226,0.076606214,,7.7731434e-05,1489,0.01,0.0001,20,2,,,10
1490,model_type.poincare,activation.dmelu,,0.0006964819,0.07723382,,7.345922e-05,1490,0.01,0.0001,20,2,,,10
1491,model_type.poincare,activation.dmelu,,0.0007034702,0.07800876,,7.105655e-05,1491,0.01,0.0001,20,2,,,10
1492,model_type.poincare,activation.dmelu,,0.00068751466,0.07623944,,7.242857e-05,1492,0.01,0.0001,20,2,,,10
1493,model_type.poincare,activation.dmelu,,0.0007099319,0.07872531,,7.510438e-05,1493,0.01,0.0001,20,2,,,10
1494,model_type.poincare,activation.dmelu,,0.0006873993,0.076226644,,7.5392105e-05,1494,0.01,0.0001,20,2,,,10
1495,model_type.poincare,activation.dmelu,,0.00069770566,0.077369526,,7.3216695e-05,1495,0.01,0.0001,20,2,,,10
1496,model_type.poincare,activation.dmelu,,0.00069558964,0.07713488,,7.0785136e-05,1496,0.01,0.0001,20,2,,,10
1497,model_type.poincare,activation.dmelu,,0.0006873994,0.07622665,,7.045727e-05,1497,0.01,0.0001,20,2,,,10
1498,model_type.poincare,activation.dmelu,,0.0007035296,0.07801535,,7.1891474e-05,1498,0.01,0.0001,20,2,,,10
1499,model_type.poincare,activation.dmelu,,0.00068527454,0.07599103,,7.2986826e-05,1499,0.01,0.0001,20,2,,,10
1500,model_type.poincare,activation.dmelu,,0.00069845316,0.07745242,,7.26486e-05,1500,0.01,0.0001,20,2,,,10
1501,model_type.poincare,activation.dmelu,,0.0006890126,0.07640554,,7.112706e-05,1501,0.01,0.0001,20,2,,,10
1502,model_type.poincare,activation.dmelu,,0.0006889971,0.07640383,,7.004824e-05,1502,0.01,0.0001,20,2,,,10
1503,model_type.poincare,activation.dmelu,,0.0006960331,0.07718406,,7.006521e-05,1503,0.01,0.0001,20,2,,,10
1504,model_type.poincare,activation.dmelu,,0.0006844242,0.075896725,,7.0765236e-05,1504,0.01,0.0001,20,2,,,10
1505,model_type.poincare,activation.dmelu,,0.0006969192,0.07728232,,7.1314535e-05,1505,0.01,0.0001,20,2,,,10
1506,model_type.poincare,activation.dmelu,,0.0006847729,0.07593539,,7.105497e-05,1506,0.01,0.0001,20,2,,,10
1507,model_type.poincare,activation.dmelu,,0.00069109997,0.076637015,,7.040376e-05,1507,0.01,0.0001,20,2,,,10
1508,model_type.poincare,activation.dmelu,,0.00068866496,0.07636699,,6.976274e-05,1508,0.01,0.0001,20,2,,,10
1509,model_type.poincare,activation.dmelu,,0.00068560377,0.076027535,,6.960974e-05,1509,0.01,0.0001,20,2,,,10
1510,model_type.poincare,activation.dmelu,,0.0006919629,0.0767327,,6.983621e-05,1510,0.01,0.0001,20,2,,,10
1511,model_type.poincare,activation.dmelu,,0.00068318465,0.07575928,,7.00899e-05,1511,0.01,0.0001,20,2,,,10
1512,model_type.poincare,activation.dmelu,,0.00069143594,0.07667427,,7.019352e-05,1512,0.01,0.0001,20,2,,,10
1513,model_type.poincare,activation.dmelu,,0.00068342435,0.07578585,,6.995454e-05,1513,0.01,0.0001,20,2,,,10
1514,model_type.poincare,activation.dmelu,,0.0006879097,0.07628324,,6.965433e-05,1514,0.01,0.0001,20,2,,,10
1515,model_type.poincare,activation.dmelu,,0.000685575,0.076024346,,6.936734e-05,1515,0.01,0.0001,20,2,,,10
1516,model_type.poincare,activation.dmelu,,0.00068420847,0.07587281,,6.928083e-05,1516,0.01,0.0001,20,2,,,10
1517,model_type.poincare,activation.dmelu,,0.0006876913,0.076259024,,6.935143e-05,1517,0.01,0.0001,20,2,,,10
1518,model_type.poincare,activation.dmelu,,0.0006818723,0.075613745,,6.944725e-05,1518,0.01,0.0001,20,2,,,10
1519,model_type.poincare,activation.dmelu,,0.00068803,0.076296575,,6.952559e-05,1519,0.01,0.0001,20,2,,,10
1520,model_type.poincare,activation.dmelu,,0.0006812039,0.075539626,,6.94409e-05,1520,0.01,0.0001,20,2,,,10
1521,model_type.poincare,activation.dmelu,,0.0006863419,0.07610939,,6.932406e-05,1521,0.01,0.0001,20,2,,,10
1522,model_type.poincare,activation.dmelu,,0.0006820455,0.075632945,,6.914379e-05,1522,0.01,0.0001,20,2,,,10
1523,model_type.poincare,activation.dmelu,,0.0006836282,0.07580846,,6.90405e-05,1523,0.01,0.0001,20,2,,,10
1524,model_type.poincare,activation.dmelu,,0.0006837362,0.07582043,,6.899779e-05,1524,0.01,0.0001,20,2,,,10
1525,model_type.poincare,activation.dmelu,,0.00068103627,0.07552104,,6.901037e-05,1525,0.01,0.0001,20,2,,,10
1526,model_type.poincare,activation.dmelu,,0.00068503123,0.07596404,,6.906388e-05,1526,0.01,0.0001,20,2,,,10
1527,model_type.poincare,activation.dmelu,,0.00067938224,0.07533762,,6.906914e-05,1527,0.01,0.0001,20,2,,,10
1528,model_type.poincare,activation.dmelu,,0.00068500615,0.07596126,,6.907362e-05,1528,0.01,0.0001,20,2,,,10
1529,model_type.poincare,activation.dmelu,,0.0006790401,0.07529968,,6.9001086e-05,1529,0.01,0.0001,20,2,,,10
1530,model_type.poincare,activation.dmelu,,0.00068352284,0.075796776,,6.894029e-05,1530,0.01,0.0001,20,2,,,10
1531,model_type.poincare,activation.dmelu,,0.0006799239,0.075397685,,6.88523e-05,1531,0.01,0.0001,20,2,,,10
1532,model_type.poincare,activation.dmelu,,0.00068127905,0.075547956,,6.879998e-05,1532,0.01,0.0001,20,2,,,10
1533,model_type.poincare,activation.dmelu,,0.00068128324,0.075548425,,6.876592e-05,1533,0.01,0.0001,20,2,,,10
1534,model_type.poincare,activation.dmelu,,0.00067915843,0.0753128,,6.875328e-05,1534,0.01,0.0001,20,2,,,10
1535,model_type.poincare,activation.dmelu,,0.00068227394,0.075658284,,6.876564e-05,1535,0.01,0.0001,20,2,,,10
1536,model_type.poincare,activation.dmelu,,0.00067775045,0.07515667,,6.87636e-05,1536,0.01,0.0001,20,2,,,10
1537,model_type.poincare,activation.dmelu,,0.0006823933,0.075671524,,6.877885e-05,1537,0.01,0.0001,20,2,,,10
1538,model_type.poincare,activation.dmelu,,0.00067724753,0.0751009,,6.875817e-05,1538,0.01,0.0001,20,2,,,10
1539,model_type.poincare,activation.dmelu,,0.0006816343,0.075587355,,6.8751004e-05,1539,0.01,0.0001,20,2,,,10
1540,model_type.poincare,activation.dmelu,,0.00067740906,0.07511881,,6.870732e-05,1540,0.01,0.0001,20,2,,,10
1541,model_type.poincare,activation.dmelu,,0.0006803567,0.075445674,,6.868016e-05,1541,0.01,0.0001,20,2,,,10
1542,model_type.poincare,activation.dmelu,,0.00067783124,0.07516563,,6.863143e-05,1542,0.01,0.0001,20,2,,,10
1543,model_type.poincare,activation.dmelu,,0.0006790093,0.07529626,,6.860552e-05,1543,0.01,0.0001,20,2,,,10
1544,model_type.poincare,activation.dmelu,,0.0006782259,0.07520939,,6.8574765e-05,1544,0.01,0.0001,20,2,,,10
1545,model_type.poincare,activation.dmelu,,0.000677834,0.07516593,,6.855944e-05,1545,0.01,0.0001,20,2,,,10
1546,model_type.poincare,activation.dmelu,,0.00067840016,0.07522871,,6.85444e-05,1546,0.01,0.0001,20,2,,,10
1547,model_type.poincare,activation.dmelu,,0.00067693007,0.075065695,,6.853072e-05,1547,0.01,0.0001,20,2,,,10
1548,model_type.poincare,activation.dmelu,,0.00067828567,0.07521602,,6.85209e-05,1548,0.01,0.0001,20,2,,,10
1549,model_type.poincare,activation.dmelu,,0.0006762554,0.074990876,,6.8506284e-05,1549,0.01,0.0001,20,2,,,10
1550,model_type.poincare,activation.dmelu,,0.00067802885,0.07518754,,6.8503374e-05,1550,0.01,0.0001,20,2,,,10
1551,model_type.poincare,activation.dmelu,,0.0006756483,0.07492355,,6.8490415e-05,1551,0.01,0.0001,20,2,,,10
1552,model_type.poincare,activation.dmelu,,0.00067777577,0.075159475,,6.849308e-05,1552,0.01,0.0001,20,2,,,10
1553,model_type.poincare,activation.dmelu,,0.00067499303,0.074850895,,6.848073e-05,1553,0.01,0.0001,20,2,,,10
1554,model_type.poincare,activation.dmelu,,0.00067760155,0.075140156,,6.848551e-05,1554,0.01,0.0001,20,2,,,10
1555,model_type.poincare,activation.dmelu,,0.00067421497,0.07476461,,6.847398e-05,1555,0.01,0.0001,20,2,,,10
1556,model_type.poincare,activation.dmelu,,0.00067761156,0.075141266,,6.848967e-05,1556,0.01,0.0001,20,2,,,10
1557,model_type.poincare,activation.dmelu,,0.00067325425,0.07465808,,6.848683e-05,1557,0.01,0.0001,20,2,,,10
1558,model_type.poincare,activation.dmelu,,0.0006778999,0.075173244,,6.851953e-05,1558,0.01,0.0001,20,2,,,10
1559,model_type.poincare,activation.dmelu,,0.00067202956,0.07452227,,6.853409e-05,1559,0.01,0.0001,20,2,,,10
1560,model_type.poincare,activation.dmelu,,0.000678627,0.07525387,,6.860335e-05,1560,0.01,0.0001,20,2,,,10
1561,model_type.poincare,activation.dmelu,,0.0006704075,0.0743424,,6.866148e-05,1561,0.01,0.0001,20,2,,,10
1562,model_type.poincare,activation.dmelu,,0.00068016164,0.075424045,,6.881658e-05,1562,0.01,0.0001,20,2,,,10
1563,model_type.poincare,activation.dmelu,,0.000668181,0.074095495,,6.899039e-05,1563,0.01,0.0001,20,2,,,10
1564,model_type.poincare,activation.dmelu,,0.00068323826,0.075765215,,6.936166e-05,1564,0.01,0.0001,20,2,,,10
1565,model_type.poincare,activation.dmelu,,0.00066512066,0.073756136,,6.985027e-05,1565,0.01,0.0001,20,2,,,10
1566,model_type.poincare,activation.dmelu,,0.0006894307,0.076451905,,7.079501e-05,1566,0.01,0.0001,20,2,,,10
1567,model_type.poincare,activation.dmelu,,0.00066127017,0.07332914,,7.2185925e-05,1567,0.01,0.0001,20,2,,,10
1568,model_type.poincare,activation.dmelu,,0.00070256577,0.07790847,,7.476827e-05,1568,0.01,0.0001,20,2,,,10
1569,model_type.poincare,activation.dmelu,,0.00065823284,0.07299233,,7.8874116e-05,1569,0.01,0.0001,20,2,,,10
1570,model_type.poincare,activation.dmelu,,0.00073237694,0.08121427,,8.637534e-05,1570,0.01,0.0001,20,2,,,10
1571,model_type.poincare,activation.dmelu,,0.00066404755,0.073637135,,9.887506e-05,1571,0.01,0.0001,20,2,,,10
1572,model_type.poincare,activation.dmelu,,0.0008046569,0.089229494,,0.00012152612,1572,0.01,0.0001,20,2,,,10
1573,model_type.poincare,activation.dmelu,,0.00070770114,0.07847794,,0.00015971683,1573,0.01,0.0001,20,2,,,10
1574,model_type.poincare,activation.dmelu,,0.0009789277,0.108554624,,0.00022673114,1574,0.01,0.0001,20,2,,,10
1575,model_type.poincare,activation.dmelu,,0.0008554647,0.094863646,,0.00033259596,1575,0.01,0.0001,20,2,,,10
1576,model_type.poincare,activation.dmelu,,0.00129632,0.14375068,,0.0004944127,1576,0.01,0.0001,20,2,,,10
1577,model_type.poincare,activation.dmelu,,0.0010657359,0.1181809,,0.0006815068,1577,0.01,0.0001,20,2,,,10
1578,model_type.poincare,activation.dmelu,,0.0013814127,0.15318674,,0.0008345486,1578,0.01,0.0001,20,2,,,10
1579,model_type.poincare,activation.dmelu,,0.0008807581,0.09766846,,0.000784896,1579,0.01,0.0001,20,2,,,10
1580,model_type.poincare,activation.dmelu,,0.0008214137,0.09108768,,0.00051805156,1580,0.01,0.0001,20,2,,,10
1581,model_type.poincare,activation.dmelu,,0.00071914645,0.079747126,,0.000191322,1581,0.01,0.0001,20,2,,,10
1582,model_type.poincare,activation.dmelu,,0.00070933154,0.07865874,,9.206399e-05,1582,0.01,0.0001,20,2,,,10
1583,model_type.poincare,activation.dmelu,,0.001033715,0.11463006,,0.00024305197,1583,0.01,0.0001,20,2,,,10
1584,model_type.poincare,activation.dmelu,,0.0007684213,0.08521128,,0.00039066456,1584,0.01,0.0001,20,2,,,10
1585,model_type.poincare,activation.dmelu,,0.00077291287,0.085709356,,0.00033156655,1585,0.01,0.0001,20,2,,,10
1586,model_type.poincare,activation.dmelu,,0.00072319317,0.080195874,,0.00014577282,1586,0.01,0.0001,20,2,,,10
1587,model_type.poincare,activation.dmelu,,0.000688102,0.07630456,,9.225867e-05,1587,0.01,0.0001,20,2,,,10
1588,model_type.poincare,activation.dmelu,,0.0009046111,0.10031355,,0.00019998172,1588,0.01,0.0001,20,2,,,10
1589,model_type.poincare,activation.dmelu,,0.0006926647,0.07681053,,0.00025823005,1589,0.01,0.0001,20,2,,,10
1590,model_type.poincare,activation.dmelu,,0.0006837224,0.075818904,,0.00017273036,1590,0.01,0.0001,20,2,,,10
1591,model_type.poincare,activation.dmelu,,0.00076826353,0.08519378,,8.541295e-05,1591,0.01,0.0001,20,2,,,10
1592,model_type.poincare,activation.dmelu,,0.0006814095,0.075562425,,0.00012175063,1592,0.01,0.0001,20,2,,,10
1593,model_type.poincare,activation.dmelu,,0.0007930464,0.08794199,,0.00018599426,1593,0.01,0.0001,20,2,,,10
1594,model_type.poincare,activation.dmelu,,0.00067465025,0.07481288,,0.0001546711,1594,0.01,0.0001,20,2,,,10
1595,model_type.poincare,activation.dmelu,,0.00065235415,0.07234044,,8.9012894e-05,1595,0.01,0.0001,20,2,,,10
1596,model_type.poincare,activation.dmelu,,0.0007873942,0.08731521,,9.476624e-05,1596,0.01,0.0001,20,2,,,10
1597,model_type.poincare,activation.dmelu,,0.00066305936,0.07352755,,0.00013965074,1597,0.01,0.0001,20,2,,,10
1598,model_type.poincare,activation.dmelu,,0.00070135057,0.07777371,,0.00013328403,1598,0.01,0.0001,20,2,,,10
1599,model_type.poincare,activation.dmelu,,0.0007060368,0.07829338,,8.8758934e-05,1599,0.01,0.0001,20,2,,,10
1600,model_type.poincare,activation.dmelu,,0.0006516392,0.072261155,,8.3843246e-05,1600,0.01,0.0001,20,2,,,10
1601,model_type.poincare,activation.dmelu,,0.0007493015,0.083091065,,0.00011330977,1601,0.01,0.0001,20,2,,,10
1602,model_type.poincare,activation.dmelu,,0.000659434,0.073125534,,0.000114603994,1602,0.01,0.0001,20,2,,,10
1603,model_type.poincare,activation.dmelu,,0.0006606612,0.07326162,,8.694604e-05,1603,0.01,0.0001,20,2,,,10
1604,model_type.poincare,activation.dmelu,,0.0007269587,0.080613434,,7.841629e-05,1604,0.01,0.0001,20,2,,,10
1605,model_type.poincare,activation.dmelu,,0.0006483318,0.0718944,,9.606871e-05,1605,0.01,0.0001,20,2,,,10
1606,model_type.poincare,activation.dmelu,,0.0006996904,0.07758962,,0.00010164309,1606,0.01,0.0001,20,2,,,10
1607,model_type.poincare,activation.dmelu,,0.0006752547,0.07487991,,8.434629e-05,1607,0.01,0.0001,20,2,,,10
1608,model_type.poincare,activation.dmelu,,0.0006482059,0.07188044,,7.503481e-05,1608,0.01,0.0001,20,2,,,10
1609,model_type.poincare,activation.dmelu,,0.00071722653,0.079534225,,8.5211264e-05,1609,0.01,0.0001,20,2,,,10
1610,model_type.poincare,activation.dmelu,,0.0006496042,0.07203549,,9.192238e-05,1610,0.01,0.0001,20,2,,,10
1611,model_type.poincare,activation.dmelu,,0.00066793413,0.07406812,,8.264238e-05,1611,0.01,0.0001,20,2,,,10
1612,model_type.poincare,activation.dmelu,,0.00068867847,0.07636849,,7.326454e-05,1612,0.01,0.0001,20,2,,,10
1613,model_type.poincare,activation.dmelu,,0.0006451792,0.071544796,,7.771249e-05,1613,0.01,0.0001,20,2,,,10
1614,model_type.poincare,activation.dmelu,,0.00069435284,0.07699773,,8.4823834e-05,1614,0.01,0.0001,20,2,,,10
1615,model_type.poincare,activation.dmelu,,0.00065622525,0.07276971,,8.088888e-05,1615,0.01,0.0001,20,2,,,10
1616,model_type.poincare,activation.dmelu,,0.00065376045,0.072496384,,7.301114e-05,1616,0.01,0.0001,20,2,,,10
1617,model_type.poincare,activation.dmelu,,0.00068948057,0.07645743,,7.3126546e-05,1617,0.01,0.0001,20,2,,,10
1618,model_type.poincare,activation.dmelu,,0.00064471323,0.07149313,,7.861e-05,1618,0.01,0.0001,20,2,,,10
1619,model_type.poincare,activation.dmelu,,0.00067546574,0.07490331,,7.904751e-05,1619,0.01,0.0001,20,2,,,10
1620,model_type.poincare,activation.dmelu,,0.0006620212,0.07341243,,7.350594e-05,1620,0.01,0.0001,20,2,,,10
1621,model_type.poincare,activation.dmelu,,0.000647454,0.07179705,,7.090005e-05,1621,0.01,0.0001,20,2,,,10
1622,model_type.poincare,activation.dmelu,,0.000682634,0.07569821,,7.389823e-05,1622,0.01,0.0001,20,2,,,10
1623,model_type.poincare,activation.dmelu,,0.0006459927,0.07163501,,7.6193806e-05,1623,0.01,0.0001,20,2,,,10
1624,model_type.poincare,activation.dmelu,,0.0006631947,0.07354256,,7.4023825e-05,1624,0.01,0.0001,20,2,,,10
1625,model_type.poincare,activation.dmelu,,0.00066370465,0.07359911,,7.074417e-05,1625,0.01,0.0001,20,2,,,10
1626,model_type.poincare,activation.dmelu,,0.0006451193,0.07153815,,7.0900445e-05,1626,0.01,0.0001,20,2,,,10
1627,model_type.poincare,activation.dmelu,,0.00067356933,0.07469302,,7.310941e-05,1627,0.01,0.0001,20,2,,,10
1628,model_type.poincare,activation.dmelu,,0.0006470717,0.07175466,,7.329032e-05,1628,0.01,0.0001,20,2,,,10
1629,model_type.poincare,activation.dmelu,,0.0006562769,0.07277543,,7.137674e-05,1629,0.01,0.0001,20,2,,,10
1630,model_type.poincare,activation.dmelu,,0.0006619124,0.07340036,,7.0032846e-05,1630,0.01,0.0001,20,2,,,10
1631,model_type.poincare,activation.dmelu,,0.00064425427,0.07144223,,7.068788e-05,1631,0.01,0.0001,20,2,,,10
1632,model_type.poincare,activation.dmelu,,0.00066552364,0.07380082,,7.174772e-05,1632,0.01,0.0001,20,2,,,10
1633,model_type.poincare,activation.dmelu,,0.00064735126,0.07178566,,7.131056e-05,1633,0.01,0.0001,20,2,,,10
1634,model_type.poincare,activation.dmelu,,0.00065208285,0.07231035,,7.0152535e-05,1634,0.01,0.0001,20,2,,,10
1635,model_type.poincare,activation.dmelu,,0.0006585945,0.07303244,,6.968853e-05,1635,0.01,0.0001,20,2,,,10
1636,model_type.poincare,activation.dmelu,,0.00064403284,0.071417674,,7.0188515e-05,1636,0.01,0.0001,20,2,,,10
1637,model_type.poincare,activation.dmelu,,0.000659139,0.07309282,,7.065065e-05,1637,0.01,0.0001,20,2,,,10
1638,model_type.poincare,activation.dmelu,,0.00064691243,0.071737,,7.0201866e-05,1638,0.01,0.0001,20,2,,,10
1639,model_type.poincare,activation.dmelu,,0.00064963487,0.07203889,,6.951751e-05,1639,0.01,0.0001,20,2,,,10
1640,model_type.poincare,activation.dmelu,,0.0006547133,0.07260205,,6.9330286e-05,1640,0.01,0.0001,20,2,,,10
1641,model_type.poincare,activation.dmelu,,0.00064372143,0.07138314,,6.9658294e-05,1641,0.01,0.0001,20,2,,,10
1642,model_type.poincare,activation.dmelu,,0.00065494154,0.07262736,,6.9913345e-05,1642,0.01,0.0001,20,2,,,10
1643,model_type.poincare,activation.dmelu,,0.0006457315,0.07160605,,6.958651e-05,1643,0.01,0.0001,20,2,,,10
1644,model_type.poincare,activation.dmelu,,0.00064801273,0.07185901,,6.914243e-05,1644,0.01,0.0001,20,2,,,10
1645,model_type.poincare,activation.dmelu,,0.0006512256,0.0722153,,6.89972e-05,1645,0.01,0.0001,20,2,,,10
1646,model_type.poincare,activation.dmelu,,0.0006433945,0.07134689,,6.919613e-05,1646,0.01,0.0001,20,2,,,10
1647,model_type.poincare,activation.dmelu,,0.00065194094,0.072294615,,6.939798e-05,1647,0.01,0.0001,20,2,,,10
1648,model_type.poincare,activation.dmelu,,0.0006443752,0.07145564,,6.922679e-05,1648,0.01,0.0001,20,2,,,10
1649,model_type.poincare,activation.dmelu,,0.0006470083,0.07174763,,6.893742e-05,1649,0.01,0.0001,20,2,,,10
1650,model_type.poincare,activation.dmelu,,0.0006481828,0.071877874,,6.8758774e-05,1650,0.01,0.0001,20,2,,,10
1651,model_type.poincare,activation.dmelu,,0.00064323377,0.071329065,,6.88228e-05,1651,0.01,0.0001,20,2,,,10
1652,model_type.poincare,activation.dmelu,,0.00064943964,0.072017245,,6.897838e-05,1652,0.01,0.0001,20,2,,,10
1653,model_type.poincare,activation.dmelu,,0.000643175,0.071322545,,6.895253e-05,1653,0.01,0.0001,20,2,,,10
1654,model_type.poincare,activation.dmelu,,0.000646334,0.07167286,,6.881416e-05,1654,0.01,0.0001,20,2,,,10
1655,model_type.poincare,activation.dmelu,,0.00064589095,0.07162372,,6.863222e-05,1655,0.01,0.0001,20,2,,,10
1656,model_type.poincare,activation.dmelu,,0.0006428281,0.071284086,,6.85841e-05,1656,0.01,0.0001,20,2,,,10
1657,model_type.poincare,activation.dmelu,,0.0006475147,0.071803786,,6.8649635e-05,1657,0.01,0.0001,20,2,,,10
1658,model_type.poincare,activation.dmelu,,0.0006420728,0.071200326,,6.868485e-05,1658,0.01,0.0001,20,2,,,10
1659,model_type.poincare,activation.dmelu,,0.0006459265,0.07162767,,6.867059e-05,1659,0.01,0.0001,20,2,,,10
1660,model_type.poincare,activation.dmelu,,0.0006437847,0.07139016,,6.8556226e-05,1660,0.01,0.0001,20,2,,,10
1661,model_type.poincare,activation.dmelu,,0.00064285286,0.07128683,,6.847526e-05,1661,0.01,0.0001,20,2,,,10
1662,model_type.poincare,activation.dmelu,,0.00064562034,0.07159372,,6.8449255e-05,1662,0.01,0.0001,20,2,,,10
1663,model_type.poincare,activation.dmelu,,0.0006413112,0.071115874,,6.8464644e-05,1663,0.01,0.0001,20,2,,,10
1664,model_type.poincare,activation.dmelu,,0.0006454134,0.07157077,,6.849298e-05,1664,0.01,0.0001,20,2,,,10
1665,model_type.poincare,activation.dmelu,,0.00064180174,0.07117026,,6.845546e-05,1665,0.01,0.0001,20,2,,,10
1666,model_type.poincare,activation.dmelu,,0.00064334885,0.07134183,,6.8408495e-05,1666,0.01,0.0001,20,2,,,10
1667,model_type.poincare,activation.dmelu,,0.0006433459,0.0713415,,6.834715e-05,1667,0.01,0.0001,20,2,,,10
1668,model_type.poincare,activation.dmelu,,0.0006412906,0.07111359,,6.832663e-05,1668,0.01,0.0001,20,2,,,10
1669,model_type.poincare,activation.dmelu,,0.0006441114,0.07142639,,6.8335234e-05,1669,0.01,0.0001,20,2,,,10
1670,model_type.poincare,activation.dmelu,,0.00064064556,0.07104205,,6.833492e-05,1670,0.01,0.0001,20,2,,,10
1671,model_type.poincare,activation.dmelu,,0.00064332876,0.0713396,,6.8331e-05,1671,0.01,0.0001,20,2,,,10
1672,model_type.poincare,activation.dmelu,,0.0006412619,0.071110405,,6.829072e-05,1672,0.01,0.0001,20,2,,,10
1673,model_type.poincare,activation.dmelu,,0.00064154394,0.071141675,,6.826085e-05,1673,0.01,0.0001,20,2,,,10
1674,model_type.poincare,activation.dmelu,,0.00064234884,0.07123093,,6.823582e-05,1674,0.01,0.0001,20,2,,,10
1675,model_type.poincare,activation.dmelu,,0.00063995295,0.07096525,,6.823342e-05,1675,0.01,0.0001,20,2,,,10
1676,model_type.poincare,activation.dmelu,,0.0006429409,0.071296595,,6.825241e-05,1676,0.01,0.0001,20,2,,,10
1677,model_type.poincare,activation.dmelu,,0.0006391159,0.07087243,,6.826635e-05,1677,0.01,0.0001,20,2,,,10
1678,model_type.poincare,activation.dmelu,,0.0006427829,0.071279064,,6.8301655e-05,1678,0.01,0.0001,20,2,,,10
1679,model_type.poincare,activation.dmelu,,0.0006390256,0.07086241,,6.834496e-05,1679,0.01,0.0001,20,2,,,10
1680,model_type.poincare,activation.dmelu,,0.00064246147,0.07124343,,6.845765e-05,1680,0.01,0.0001,20,2,,,10
1681,model_type.poincare,activation.dmelu,,0.0006392641,0.07088887,,6.867822e-05,1681,0.01,0.0001,20,2,,,10
1682,model_type.poincare,activation.dmelu,,0.0006435285,0.07136174,,6.911867e-05,1682,0.01,0.0001,20,2,,,10
1683,model_type.poincare,activation.dmelu,,0.0006399524,0.07096519,,6.996085e-05,1683,0.01,0.0001,20,2,,,10
1684,model_type.poincare,activation.dmelu,,0.0006489191,0.07195952,,7.156629e-05,1684,0.01,0.0001,20,2,,,10
1685,model_type.poincare,activation.dmelu,,0.00064410036,0.07142516,,7.464876e-05,1685,0.01,0.0001,20,2,,,10
1686,model_type.poincare,activation.dmelu,,0.00066731835,0.07399984,,8.058509e-05,1686,0.01,0.0001,20,2,,,10
1687,model_type.poincare,activation.dmelu,,0.0006650414,0.073747344,,9.194955e-05,1687,0.01,0.0001,20,2,,,10
1688,model_type.poincare,activation.dmelu,,0.0007227078,0.08014204,,0.000113215465,1688,0.01,0.0001,20,2,,,10
1689,model_type.poincare,activation.dmelu,,0.000737851,0.0818213,,0.00015080528,1689,0.01,0.0001,20,2,,,10
1690,model_type.poincare,activation.dmelu,,0.0008337512,0.092455804,,0.00020998478,1690,0.01,0.0001,20,2,,,10
1691,model_type.poincare,activation.dmelu,,0.0008490582,0.09415322,,0.0002838315,1691,0.01,0.0001,20,2,,,10
1692,model_type.poincare,activation.dmelu,,0.0008542194,0.09472555,,0.0003403906,1692,0.01,0.0001,20,2,,,10
1693,model_type.poincare,activation.dmelu,,0.00082176994,0.09112718,,0.0003365624,1693,0.01,0.0001,20,2,,,10
1694,model_type.poincare,activation.dmelu,,0.00071834424,0.079658166,,0.00026993058,1694,0.01,0.0001,20,2,,,10
1695,model_type.poincare,activation.dmelu,,0.0007321588,0.08119008,,0.00018844705,1695,0.01,0.0001,20,2,,,10
1696,model_type.poincare,activation.dmelu,,0.0006862493,0.07609911,,0.00014422792,1696,0.01,0.0001,20,2,,,10
1697,model_type.poincare,activation.dmelu,,0.00071647106,0.07945045,,0.00014331826,1697,0.01,0.0001,20,2,,,10
1698,model_type.poincare,activation.dmelu,,0.00070994825,0.078727126,,0.00015502551,1698,0.01,0.0001,20,2,,,10
1699,model_type.poincare,activation.dmelu,,0.0006759255,0.0749543,,0.00014895067,1699,0.01,0.0001,20,2,,,10
1700,model_type.poincare,activation.dmelu,,0.00071795087,0.07961454,,0.00013052736,1700,0.01,0.0001,20,2,,,10
1701,model_type.poincare,activation.dmelu,,0.00066175923,0.073383376,,0.00012296108,1701,0.01,0.0001,20,2,,,10
1702,model_type.poincare,activation.dmelu,,0.0007141171,0.07918941,,0.00013040389,1702,0.01,0.0001,20,2,,,10
1703,model_type.poincare,activation.dmelu,,0.0006708648,0.07439311,,0.00013020558,1703,0.01,0.0001,20,2,,,10
1704,model_type.poincare,activation.dmelu,,0.0006389177,0.070850454,,0.00010835643,1704,0.01,0.0001,20,2,,,10
1705,model_type.poincare,activation.dmelu,,0.0006957536,0.077153064,,8.8721914e-05,1705,0.01,0.0001,20,2,,,10
1706,model_type.poincare,activation.dmelu,,0.0006502659,0.072108865,,9.6169264e-05,1706,0.01,0.0001,20,2,,,10
1707,model_type.poincare,activation.dmelu,,0.0007023257,0.07788185,,0.00011635271,1707,0.01,0.0001,20,2,,,10
1708,model_type.poincare,activation.dmelu,,0.00064878084,0.071944185,,0.00011458199,1708,0.01,0.0001,20,2,,,10
1709,model_type.poincare,activation.dmelu,,0.00063498516,0.070414364,,8.886722e-05,1709,0.01,0.0001,20,2,,,10
1710,model_type.poincare,activation.dmelu,,0.000674274,0.07477116,,7.32468e-05,1710,0.01,0.0001,20,2,,,10
1711,model_type.poincare,activation.dmelu,,0.0006397704,0.07094501,,8.4521715e-05,1711,0.01,0.0001,20,2,,,10
1712,model_type.poincare,activation.dmelu,,0.00068792416,0.07628484,,0.00010143241,1712,0.01,0.0001,20,2,,,10
1713,model_type.poincare,activation.dmelu,,0.0006357007,0.07049371,,9.865421e-05,1713,0.01,0.0001,20,2,,,10
1714,model_type.poincare,activation.dmelu,,0.00063788693,0.07073615,,8.06343e-05,1714,0.01,0.0001,20,2,,,10
1715,model_type.poincare,activation.dmelu,,0.00065672206,0.0728248,,7.09949e-05,1715,0.01,0.0001,20,2,,,10
1716,model_type.poincare,activation.dmelu,,0.0006364901,0.07058125,,7.8232835e-05,1716,0.01,0.0001,20,2,,,10
1717,model_type.poincare,activation.dmelu,,0.00066748675,0.07401851,,8.792454e-05,1717,0.01,0.0001,20,2,,,10
1718,model_type.poincare,activation.dmelu,,0.00063001266,0.06986296,,8.6198204e-05,1718,0.01,0.0001,20,2,,,10
1719,model_type.poincare,activation.dmelu,,0.0006456974,0.07160226,,7.6938086e-05,1719,0.01,0.0001,20,2,,,10
1720,model_type.poincare,activation.dmelu,,0.0006393631,0.07089984,,7.234505e-05,1720,0.01,0.0001,20,2,,,10
1721,model_type.poincare,activation.dmelu,,0.00063641014,0.07057238,,7.541522e-05,1721,0.01,0.0001,20,2,,,10
1722,model_type.poincare,activation.dmelu,,0.00065255404,0.0723626,,7.872931e-05,1722,0.01,0.0001,20,2,,,10
1723,model_type.poincare,activation.dmelu,,0.0006257217,0.06938713,,7.73743e-05,1723,0.01,0.0001,20,2,,,10
1724,model_type.poincare,activation.dmelu,,0.0006458177,0.07161561,,7.4007425e-05,1724,0.01,0.0001,20,2,,,10
1725,model_type.poincare,activation.dmelu,,0.0006328575,0.07017843,,7.287966e-05,1725,0.01,0.0001,20,2,,,10
1726,model_type.poincare,activation.dmelu,,0.00063490425,0.070405394,,7.3886375e-05,1726,0.01,0.0001,20,2,,,10
1727,model_type.poincare,activation.dmelu,,0.000640035,0.07097435,,7.408242e-05,1727,0.01,0.0001,20,2,,,10
1728,model_type.poincare,activation.dmelu,,0.00062801875,0.06964185,,7.277586e-05,1728,0.01,0.0001,20,2,,,10
1729,model_type.poincare,activation.dmelu,,0.0006381483,0.07076513,,7.1485636e-05,1729,0.01,0.0001,20,2,,,10
1730,model_type.poincare,activation.dmelu,,0.0006302403,0.069888204,,7.150922e-05,1730,0.01,0.0001,20,2,,,10
1731,model_type.poincare,activation.dmelu,,0.00063410075,0.07031629,,7.226716e-05,1731,0.01,0.0001,20,2,,,10
1732,model_type.poincare,activation.dmelu,,0.00063299254,0.0701934,,7.231682e-05,1732,0.01,0.0001,20,2,,,10
1733,model_type.poincare,activation.dmelu,,0.00062771107,0.069607735,,7.1145914e-05,1733,0.01,0.0001,20,2,,,10
1734,model_type.poincare,activation.dmelu,,0.0006319211,0.07007459,,6.967862e-05,1734,0.01,0.0001,20,2,,,10
1735,model_type.poincare,activation.dmelu,,0.0006295743,0.06981435,,6.943343e-05,1735,0.01,0.0001,20,2,,,10
1736,model_type.poincare,activation.dmelu,,0.0006295911,0.06981621,,7.046383e-05,1736,0.01,0.0001,20,2,,,10
1737,model_type.poincare,activation.dmelu,,0.0006313207,0.07000801,,7.130824e-05,1737,0.01,0.0001,20,2,,,10
1738,model_type.poincare,activation.dmelu,,0.000627233,0.06955472,,7.0743525e-05,1738,0.01,0.0001,20,2,,,10
1739,model_type.poincare,activation.dmelu,,0.00062722526,0.06955386,,6.928161e-05,1739,0.01,0.0001,20,2,,,10
1740,model_type.poincare,activation.dmelu,,0.00062796863,0.06963629,,6.842517e-05,1740,0.01,0.0001,20,2,,,10
1741,model_type.poincare,activation.dmelu,,0.00062690035,0.06951783,,6.877818e-05,1741,0.01,0.0001,20,2,,,10
1742,model_type.poincare,activation.dmelu,,0.0006274143,0.069574825,,6.955424e-05,1742,0.01,0.0001,20,2,,,10
1743,model_type.poincare,activation.dmelu,,0.00062762405,0.06959808,,6.976535e-05,1743,0.01,0.0001,20,2,,,10
1744,model_type.poincare,activation.dmelu,,0.0006245836,0.069260925,,6.923039e-05,1744,0.01,0.0001,20,2,,,10
1745,model_type.poincare,activation.dmelu,,0.0006270831,0.0695381,,6.859473e-05,1745,0.01,0.0001,20,2,,,10
1746,model_type.poincare,activation.dmelu,,0.00062411773,0.06920926,,6.837706e-05,1746,0.01,0.0001,20,2,,,10
1747,model_type.poincare,activation.dmelu,,0.0006257835,0.069393985,,6.8502435e-05,1747,0.01,0.0001,20,2,,,10
1748,model_type.poincare,activation.dmelu,,0.000625663,0.06938062,,6.865617e-05,1748,0.01,0.0001,20,2,,,10
1749,model_type.poincare,activation.dmelu,,0.00062242715,0.06902179,,6.85718e-05,1749,0.01,0.0001,20,2,,,10
1750,model_type.poincare,activation.dmelu,,0.0006273759,0.069570564,,6.835871e-05,1750,0.01,0.0001,20,2,,,10
1751,model_type.poincare,activation.dmelu,,0.00062035857,0.0687924,,6.818755e-05,1751,0.01,0.0001,20,2,,,10
1752,model_type.poincare,activation.dmelu,,0.00062715134,0.069545664,,6.819319e-05,1752,0.01,0.0001,20,2,,,10
1753,model_type.poincare,activation.dmelu,,0.00062077213,0.06883826,,6.8252615e-05,1753,0.01,0.0001,20,2,,,10
1754,model_type.poincare,activation.dmelu,,0.0006252905,0.06933931,,6.824006e-05,1754,0.01,0.0001,20,2,,,10
1755,model_type.poincare,activation.dmelu,,0.0006213653,0.06890404,,6.808252e-05,1755,0.01,0.0001,20,2,,,10
1756,model_type.poincare,activation.dmelu,,0.00062321563,0.069109224,,6.788702e-05,1756,0.01,0.0001,20,2,,,10
1757,model_type.poincare,activation.dmelu,,0.0006222562,0.06900284,,6.776226e-05,1757,0.01,0.0001,20,2,,,10
1758,model_type.poincare,activation.dmelu,,0.0006214123,0.06890925,,6.77699e-05,1758,0.01,0.0001,20,2,,,10
1759,model_type.poincare,activation.dmelu,,0.0006231983,0.0691073,,6.7846704e-05,1759,0.01,0.0001,20,2,,,10
1760,model_type.poincare,activation.dmelu,,0.00062051334,0.06880957,,6.7922425e-05,1760,0.01,0.0001,20,2,,,10
1761,model_type.poincare,activation.dmelu,,0.00062229205,0.06900681,,6.78984e-05,1761,0.01,0.0001,20,2,,,10
1762,model_type.poincare,activation.dmelu,,0.00062107993,0.0688724,,6.780866e-05,1762,0.01,0.0001,20,2,,,10
1763,model_type.poincare,activation.dmelu,,0.0006202744,0.06878307,,6.767639e-05,1763,0.01,0.0001,20,2,,,10
1764,model_type.poincare,activation.dmelu,,0.00062209443,0.068984896,,6.7609086e-05,1764,0.01,0.0001,20,2,,,10
1765,model_type.poincare,activation.dmelu,,0.0006184857,0.06858472,,6.7599314e-05,1765,0.01,0.0001,20,2,,,10
1766,model_type.poincare,activation.dmelu,,0.0006233313,0.06912205,,6.765358e-05,1766,0.01,0.0001,20,2,,,10
1767,model_type.poincare,activation.dmelu,,0.0006166954,0.06838619,,6.768745e-05,1767,0.01,0.0001,20,2,,,10
1768,model_type.poincare,activation.dmelu,,0.00062442065,0.06924285,,6.772682e-05,1768,0.01,0.0001,20,2,,,10
1769,model_type.poincare,activation.dmelu,,0.00061516167,0.068216115,,6.774354e-05,1769,0.01,0.0001,20,2,,,10
1770,model_type.poincare,activation.dmelu,,0.0006258385,0.06940008,,6.787203e-05,1770,0.01,0.0001,20,2,,,10
1771,model_type.poincare,activation.dmelu,,0.0006132905,0.06800862,,6.806326e-05,1771,0.01,0.0001,20,2,,,10
1772,model_type.poincare,activation.dmelu,,0.0006292751,0.06978117,,6.850557e-05,1772,0.01,0.0001,20,2,,,10
1773,model_type.poincare,activation.dmelu,,0.0006101872,0.06766448,,6.912315e-05,1773,0.01,0.0001,20,2,,,10
1774,model_type.poincare,activation.dmelu,,0.0006370241,0.07064047,,7.032959e-05,1774,0.01,0.0001,20,2,,,10
1775,model_type.poincare,activation.dmelu,,0.00060630095,0.06723353,,7.220656e-05,1775,0.01,0.0001,20,2,,,10
1776,model_type.poincare,activation.dmelu,,0.0006543543,0.07256223,,7.5804e-05,1776,0.01,0.0001,20,2,,,10
1777,model_type.poincare,activation.dmelu,,0.00060523296,0.067115106,,8.186558e-05,1777,0.01,0.0001,20,2,,,10
1778,model_type.poincare,activation.dmelu,,0.00069675536,0.077264145,,9.331814e-05,1778,0.01,0.0001,20,2,,,10
1779,model_type.poincare,activation.dmelu,,0.0006223637,0.06901476,,0.000113304915,1779,0.01,0.0001,20,2,,,10
1780,model_type.poincare,activation.dmelu,,0.00080697535,0.08948659,,0.00015045823,1780,0.01,0.0001,20,2,,,10
1781,model_type.poincare,activation.dmelu,,0.0007108019,0.078821786,,0.00021461905,1781,0.01,0.0001,20,2,,,10
1782,model_type.poincare,activation.dmelu,,0.0010740415,0.11910192,,0.00032707767,1782,0.01,0.0001,20,2,,,10
1783,model_type.poincare,activation.dmelu,,0.00095518806,0.1059221,,0.0004980454,1783,0.01,0.0001,20,2,,,10
1784,model_type.poincare,activation.dmelu,,0.0014469976,0.16045953,,0.0007332379,1784,0.01,0.0001,20,2,,,10
1785,model_type.poincare,activation.dmelu,,0.0011018311,0.12218355,,0.0009293557,1785,0.01,0.0001,20,2,,,10
1786,model_type.poincare,activation.dmelu,,0.001203069,0.13340995,,0.00095707795,1786,0.01,0.0001,20,2,,,10
1787,model_type.poincare,activation.dmelu,,0.000711935,0.07894744,,0.00066322664,1787,0.01,0.0001,20,2,,,10
1788,model_type.poincare,activation.dmelu,,0.0006305848,0.0699264,,0.00027139296,1788,0.01,0.0001,20,2,,,10
1789,model_type.poincare,activation.dmelu,,0.0008613202,0.095512964,,0.000109056215,1789,0.01,0.0001,20,2,,,10
1790,model_type.poincare,activation.dmelu,,0.00077137916,0.08553928,,0.00026090114,1790,0.01,0.0001,20,2,,,10
1791,model_type.poincare,activation.dmelu,,0.00094167056,0.10442313,,0.00043926723,1791,0.01,0.0001,20,2,,,10
1792,model_type.poincare,activation.dmelu,,0.0006637385,0.07360286,,0.00036332797,1792,0.01,0.0001,20,2,,,10
1793,model_type.poincare,activation.dmelu,,0.0006187176,0.06861043,,0.00016174646,1793,0.01,0.0001,20,2,,,10
1794,model_type.poincare,activation.dmelu,,0.0008417561,0.09334348,,0.000120282195,1794,0.01,0.0001,20,2,,,10
1795,model_type.poincare,activation.dmelu,,0.00069044303,0.07656416,,0.00024211648,1795,0.01,0.0001,20,2,,,10
1796,model_type.poincare,activation.dmelu,,0.0007301139,0.08096332,,0.0002770019,1796,0.01,0.0001,20,2,,,10
1797,model_type.poincare,activation.dmelu,,0.0006707879,0.07438458,,0.00015843585,1797,0.01,0.0001,20,2,,,10
1798,model_type.poincare,activation.dmelu,,0.0006267088,0.06949659,,9.8607874e-05,1798,0.01,0.0001,20,2,,,10
1799,model_type.poincare,activation.dmelu,,0.0007944073,0.0880929,,0.00016863894,1799,0.01,0.0001,20,2,,,10
1800,model_type.poincare,activation.dmelu,,0.00063337194,0.070235476,,0.00020107675,1800,0.01,0.0001,20,2,,,10
1801,model_type.poincare,activation.dmelu,,0.00061741495,0.06846598,,0.00013206466,1801,0.01,0.0001,20,2,,,10
1802,model_type.poincare,activation.dmelu,,0.00073061476,0.081018865,,9.130898e-05,1802,0.01,0.0001,20,2,,,10
1803,model_type.poincare,activation.dmelu,,0.0006248234,0.069287516,,0.00013476894,1803,0.01,0.0001,20,2,,,10
1804,model_type.poincare,activation.dmelu,,0.000675744,0.07493417,,0.00015525287,1804,0.01,0.0001,20,2,,,10
1805,model_type.poincare,activation.dmelu,,0.00065647997,0.072797954,,0.00010961388,1805,0.01,0.0001,20,2,,,10
1806,model_type.poincare,activation.dmelu,,0.00060557877,0.067153454,,8.809681e-05,1806,0.01,0.0001,20,2,,,10
1807,model_type.poincare,activation.dmelu,,0.00070504553,0.07818346,,0.00011631648,1807,0.01,0.0001,20,2,,,10
1808,model_type.poincare,activation.dmelu,,0.0006218727,0.06896031,,0.00012318499,1808,0.01,0.0001,20,2,,,10
1809,model_type.poincare,activation.dmelu,,0.0006111651,0.067772925,,9.537414e-05,1809,0.01,0.0001,20,2,,,10
1810,model_type.poincare,activation.dmelu,,0.00068540947,0.07600599,,8.603923e-05,1810,0.01,0.0001,20,2,,,10
1811,model_type.poincare,activation.dmelu,,0.00060674635,0.06728293,,0.0001021303,1811,0.01,0.0001,20,2,,,10
1812,model_type.poincare,activation.dmelu,,0.0006386879,0.07082497,,0.00010314833,1812,0.01,0.0001,20,2,,,10
1813,model_type.poincare,activation.dmelu,,0.00064622966,0.071661286,,8.64775e-05,1813,0.01,0.0001,20,2,,,10
1814,model_type.poincare,activation.dmelu,,0.00059933006,0.06646052,,8.3269915e-05,1814,0.01,0.0001,20,2,,,10
1815,model_type.poincare,activation.dmelu,,0.00065926893,0.07310723,,9.214573e-05,1815,0.01,0.0001,20,2,,,10
1816,model_type.poincare,activation.dmelu,,0.00061682856,0.06840096,,9.035049e-05,1816,0.01,0.0001,20,2,,,10
1817,model_type.poincare,activation.dmelu,,0.00060574705,0.06717211,,8.1048536e-05,1817,0.01,0.0001,20,2,,,10
1818,model_type.poincare,activation.dmelu,,0.0006541441,0.07253893,,8.031532e-05,1818,0.01,0.0001,20,2,,,10
1819,model_type.poincare,activation.dmelu,,0.00060076563,0.06661972,,8.506311e-05,1819,0.01,0.0001,20,2,,,10
1820,model_type.poincare,activation.dmelu,,0.000622068,0.06898197,,8.285293e-05,1820,0.01,0.0001,20,2,,,10
1821,model_type.poincare,activation.dmelu,,0.0006323346,0.07012045,,7.678145e-05,1821,0.01,0.0001,20,2,,,10
1822,model_type.poincare,activation.dmelu,,0.00059817865,0.06633284,,7.7369696e-05,1822,0.01,0.0001,20,2,,,10
1823,model_type.poincare,activation.dmelu,,0.00063577405,0.07050185,,8.0636026e-05,1823,0.01,0.0001,20,2,,,10
1824,model_type.poincare,activation.dmelu,,0.0006085337,0.06748112,,7.805308e-05,1824,0.01,0.0001,20,2,,,10
1825,model_type.poincare,activation.dmelu,,0.0006038677,0.06696371,,7.385926e-05,1825,0.01,0.0001,20,2,,,10
1826,model_type.poincare,activation.dmelu,,0.0006343207,0.070340686,,7.4691234e-05,1826,0.01,0.0001,20,2,,,10
1827,model_type.poincare,activation.dmelu,,0.0005970981,0.06621302,,7.7168675e-05,1827,0.01,0.0001,20,2,,,10
1828,model_type.poincare,activation.dmelu,,0.0006156981,0.0682756,,7.5376905e-05,1828,0.01,0.0001,20,2,,,10
1829,model_type.poincare,activation.dmelu,,0.0006172441,0.06844704,,7.190223e-05,1829,0.01,0.0001,20,2,,,10
1830,model_type.poincare,activation.dmelu,,0.0005965886,0.06615652,,7.245262e-05,1830,0.01,0.0001,20,2,,,10
1831,model_type.poincare,activation.dmelu,,0.0006243043,0.06922995,,7.463966e-05,1831,0.01,0.0001,20,2,,,10
1832,model_type.poincare,activation.dmelu,,0.0006002194,0.06655914,,7.346541e-05,1832,0.01,0.0001,20,2,,,10
1833,model_type.poincare,activation.dmelu,,0.00060298236,0.06686553,,7.081455e-05,1833,0.01,0.0001,20,2,,,10
1834,model_type.poincare,activation.dmelu,,0.00061933615,0.06867903,,7.074743e-05,1834,0.01,0.0001,20,2,,,10
1835,model_type.poincare,activation.dmelu,,0.0005941137,0.06588208,,7.245808e-05,1835,0.01,0.0001,20,2,,,10
1836,model_type.poincare,activation.dmelu,,0.00061204436,0.06787043,,7.229205e-05,1836,0.01,0.0001,20,2,,,10
1837,model_type.poincare,activation.dmelu,,0.0006041676,0.06699696,,7.0209535e-05,1837,0.01,0.0001,20,2,,,10
1838,model_type.poincare,activation.dmelu,,0.00059640646,0.06613632,,6.954518e-05,1838,0.01,0.0001,20,2,,,10
1839,model_type.poincare,activation.dmelu,,0.00061489845,0.068186924,,7.070921e-05,1839,0.01,0.0001,20,2,,,10
1840,model_type.poincare,activation.dmelu,,0.000594055,0.06587556,,7.115803e-05,1840,0.01,0.0001,20,2,,,10
1841,model_type.poincare,activation.dmelu,,0.0006033129,0.06690219,,7.002392e-05,1841,0.01,0.0001,20,2,,,10
1842,model_type.poincare,activation.dmelu,,0.0006057765,0.06717538,,6.8953974e-05,1842,0.01,0.0001,20,2,,,10
1843,model_type.poincare,activation.dmelu,,0.0005926628,0.06572118,,6.933551e-05,1843,0.01,0.0001,20,2,,,10
1844,model_type.poincare,activation.dmelu,,0.000608627,0.06749147,,7.0077775e-05,1844,0.01,0.0001,20,2,,,10
1845,model_type.poincare,activation.dmelu,,0.0005954676,0.06603221,,6.973139e-05,1845,0.01,0.0001,20,2,,,10
1846,model_type.poincare,activation.dmelu,,0.0005974398,0.06625091,,6.8839996e-05,1846,0.01,0.0001,20,2,,,10
1847,model_type.poincare,activation.dmelu,,0.00060443446,0.067026556,,6.856056e-05,1847,0.01,0.0001,20,2,,,10
1848,model_type.poincare,activation.dmelu,,0.00059167016,0.06561111,,6.9025155e-05,1848,0.01,0.0001,20,2,,,10
1849,model_type.poincare,activation.dmelu,,0.0006030455,0.06687254,,6.928723e-05,1849,0.01,0.0001,20,2,,,10
1850,model_type.poincare,activation.dmelu,,0.0005959094,0.0660812,,6.880833e-05,1850,0.01,0.0001,20,2,,,10
1851,model_type.poincare,activation.dmelu,,0.00059437536,0.06591109,,6.8293375e-05,1851,0.01,0.0001,20,2,,,10
1852,model_type.poincare,activation.dmelu,,0.0006018276,0.06673747,,6.831284e-05,1852,0.01,0.0001,20,2,,,10
1853,model_type.poincare,activation.dmelu,,0.0005914866,0.06559075,,6.8623114e-05,1853,0.01,0.0001,20,2,,,10
1854,model_type.poincare,activation.dmelu,,0.0005993025,0.06645747,,6.866411e-05,1854,0.01,0.0001,20,2,,,10
1855,model_type.poincare,activation.dmelu,,0.0005953039,0.06601406,,6.827992e-05,1855,0.01,0.0001,20,2,,,10
1856,model_type.poincare,activation.dmelu,,0.0005928332,0.06574008,,6.800148e-05,1856,0.01,0.0001,20,2,,,10
1857,model_type.poincare,activation.dmelu,,0.0005993918,0.066467375,,6.8080124e-05,1857,0.01,0.0001,20,2,,,10
1858,model_type.poincare,activation.dmelu,,0.00059132534,0.06557287,,6.825082e-05,1858,0.01,0.0001,20,2,,,10
1859,model_type.poincare,activation.dmelu,,0.0005968425,0.06618468,,6.822399e-05,1859,0.01,0.0001,20,2,,,10
1860,model_type.poincare,activation.dmelu,,0.0005943186,0.065904796,,6.79718e-05,1860,0.01,0.0001,20,2,,,10
1861,model_type.poincare,activation.dmelu,,0.00059222744,0.065672904,,6.781614e-05,1861,0.01,0.0001,20,2,,,10
1862,model_type.poincare,activation.dmelu,,0.00059722573,0.066227175,,6.786487e-05,1862,0.01,0.0001,20,2,,,10
1863,model_type.poincare,activation.dmelu,,0.0005909441,0.06553059,,6.794339e-05,1863,0.01,0.0001,20,2,,,10
1864,model_type.poincare,activation.dmelu,,0.0005955023,0.06603606,,6.792486e-05,1864,0.01,0.0001,20,2,,,10
1865,model_type.poincare,activation.dmelu,,0.00059322244,0.06578324,,6.777762e-05,1865,0.01,0.0001,20,2,,,10
1866,model_type.poincare,activation.dmelu,,0.0005918572,0.065631844,,6.767548e-05,1866,0.01,0.0001,20,2,,,10
1867,model_type.poincare,activation.dmelu,,0.0005955404,0.066040285,,6.767793e-05,1867,0.01,0.0001,20,2,,,10
1868,model_type.poincare,activation.dmelu,,0.0005905832,0.06549057,,6.7707326e-05,1868,0.01,0.0001,20,2,,,10
1869,model_type.poincare,activation.dmelu,,0.0005945641,0.06593201,,6.771209e-05,1869,0.01,0.0001,20,2,,,10
1870,model_type.poincare,activation.dmelu,,0.000592218,0.06567186,,6.7632835e-05,1870,0.01,0.0001,20,2,,,10
1871,model_type.poincare,activation.dmelu,,0.0005916774,0.06561191,,6.7559915e-05,1871,0.01,0.0001,20,2,,,10
1872,model_type.poincare,activation.dmelu,,0.0005940861,0.06587901,,6.753413e-05,1872,0.01,0.0001,20,2,,,10
1873,model_type.poincare,activation.dmelu,,0.0005903463,0.0654643,,6.753549e-05,1873,0.01,0.0001,20,2,,,10
1874,model_type.poincare,activation.dmelu,,0.0005937543,0.06584222,,6.754611e-05,1874,0.01,0.0001,20,2,,,10
1875,model_type.poincare,activation.dmelu,,0.000591258,0.0655654,,6.75064e-05,1875,0.01,0.0001,20,2,,,10
1876,model_type.poincare,activation.dmelu,,0.00059159036,0.06560226,,6.746064e-05,1876,0.01,0.0001,20,2,,,10
1877,model_type.poincare,activation.dmelu,,0.0005927886,0.06573513,,6.742806e-05,1877,0.01,0.0001,20,2,,,10
1878,model_type.poincare,activation.dmelu,,0.0005901636,0.06544404,,6.741276e-05,1878,0.01,0.0001,20,2,,,10
1879,model_type.poincare,activation.dmelu,,0.0005928302,0.06573974,,6.7414905e-05,1879,0.01,0.0001,20,2,,,10
1880,model_type.poincare,activation.dmelu,,0.0005904676,0.06547775,,6.7391884e-05,1880,0.01,0.0001,20,2,,,10
1881,model_type.poincare,activation.dmelu,,0.00059141795,0.06558314,,6.736917e-05,1881,0.01,0.0001,20,2,,,10
1882,model_type.poincare,activation.dmelu,,0.0005914714,0.06558906,,6.734107e-05,1882,0.01,0.0001,20,2,,,10
1883,model_type.poincare,activation.dmelu,,0.0005900537,0.065431856,,6.732053e-05,1883,0.01,0.0001,20,2,,,10
1884,model_type.poincare,activation.dmelu,,0.0005917796,0.06562324,,6.731361e-05,1884,0.01,0.0001,20,2,,,10
1885,model_type.poincare,activation.dmelu,,0.0005897678,0.06540015,,6.729658e-05,1885,0.01,0.0001,20,2,,,10
1886,model_type.poincare,activation.dmelu,,0.0005910655,0.065544054,,6.728567e-05,1886,0.01,0.0001,20,2,,,10
1887,model_type.poincare,activation.dmelu,,0.0005902056,0.0654487,,6.7263936e-05,1887,0.01,0.0001,20,2,,,10
1888,model_type.poincare,activation.dmelu,,0.00058990484,0.065415345,,6.724535e-05,1888,0.01,0.0001,20,2,,,10
1889,model_type.poincare,activation.dmelu,,0.0005906404,0.065496914,,6.723248e-05,1889,0.01,0.0001,20,2,,,10
1890,model_type.poincare,activation.dmelu,,0.00058920134,0.06533734,,6.721749e-05,1890,0.01,0.0001,20,2,,,10
1891,model_type.poincare,activation.dmelu,,0.0005904062,0.06547094,,6.721016e-05,1891,0.01,0.0001,20,2,,,10
1892,model_type.poincare,activation.dmelu,,0.00058915856,0.06533259,,6.719218e-05,1892,0.01,0.0001,20,2,,,10
1893,model_type.poincare,activation.dmelu,,0.00058965513,0.06538766,,6.717775e-05,1893,0.01,0.0001,20,2,,,10
1894,model_type.poincare,activation.dmelu,,0.0005894027,0.06535967,,6.7162095e-05,1894,0.01,0.0001,20,2,,,10
1895,model_type.poincare,activation.dmelu,,0.000588828,0.065295935,,6.7148656e-05,1895,0.01,0.0001,20,2,,,10
1896,model_type.poincare,activation.dmelu,,0.0005895151,0.065372124,,6.7140616e-05,1896,0.01,0.0001,20,2,,,10
1897,model_type.poincare,activation.dmelu,,0.0005883695,0.06524509,,6.712595e-05,1897,0.01,0.0001,20,2,,,10
1898,model_type.poincare,activation.dmelu,,0.00058918254,0.06533525,,6.711701e-05,1898,0.01,0.0001,20,2,,,10
1899,model_type.poincare,activation.dmelu,,0.000588305,0.06523794,,6.709881e-05,1899,0.01,0.0001,20,2,,,10
1900,model_type.poincare,activation.dmelu,,0.0005885328,0.065263204,,6.7084606e-05,1900,0.01,0.0001,20,2,,,10
1901,model_type.poincare,activation.dmelu,,0.0005884371,0.06525259,,6.707223e-05,1901,0.01,0.0001,20,2,,,10
1902,model_type.poincare,activation.dmelu,,0.0005879045,0.06519353,,6.7061075e-05,1902,0.01,0.0001,20,2,,,10
1903,model_type.poincare,activation.dmelu,,0.00058839016,0.06524739,,6.705287e-05,1903,0.01,0.0001,20,2,,,10
1904,model_type.poincare,activation.dmelu,,0.0005875555,0.06515483,,6.7038476e-05,1904,0.01,0.0001,20,2,,,10
1905,model_type.poincare,activation.dmelu,,0.00058804976,0.065209635,,6.702723e-05,1905,0.01,0.0001,20,2,,,10
1906,model_type.poincare,activation.dmelu,,0.0005874371,0.0651417,,6.7010835e-05,1906,0.01,0.0001,20,2,,,10
1907,model_type.poincare,activation.dmelu,,0.00058754726,0.06515391,,6.700003e-05,1907,0.01,0.0001,20,2,,,10
1908,model_type.poincare,activation.dmelu,,0.00058742514,0.065140374,,6.6987646e-05,1908,0.01,0.0001,20,2,,,10
1909,model_type.poincare,activation.dmelu,,0.0005870611,0.0651,,6.6975546e-05,1909,0.01,0.0001,20,2,,,10
1910,model_type.poincare,activation.dmelu,,0.00058728893,0.065125264,,6.696601e-05,1910,0.01,0.0001,20,2,,,10
1911,model_type.poincare,activation.dmelu,,0.0005867268,0.06506293,,6.695275e-05,1911,0.01,0.0001,20,2,,,10
1912,model_type.poincare,activation.dmelu,,0.00058700977,0.06509431,,6.694206e-05,1912,0.01,0.0001,20,2,,,10
1913,model_type.poincare,activation.dmelu,,0.0005865104,0.065038934,,6.692825e-05,1913,0.01,0.0001,20,2,,,10
1914,model_type.poincare,activation.dmelu,,0.0005866339,0.06505263,,6.691746e-05,1914,0.01,0.0001,20,2,,,10
1915,model_type.poincare,activation.dmelu,,0.0005863648,0.06502279,,6.6904184e-05,1915,0.01,0.0001,20,2,,,10
1916,model_type.poincare,activation.dmelu,,0.0005862215,0.0650069,,6.689302e-05,1916,0.01,0.0001,20,2,,,10
1917,model_type.poincare,activation.dmelu,,0.00058620906,0.06500552,,6.688118e-05,1917,0.01,0.0001,20,2,,,10
1918,model_type.poincare,activation.dmelu,,0.00058583956,0.06496454,,6.6868495e-05,1918,0.01,0.0001,20,2,,,10
1919,model_type.poincare,activation.dmelu,,0.00058600283,0.06498265,,6.685854e-05,1919,0.01,0.0001,20,2,,,10
1920,model_type.poincare,activation.dmelu,,0.00058553374,0.06493063,,6.684631e-05,1920,0.01,0.0001,20,2,,,10
1921,model_type.poincare,activation.dmelu,,0.0005857102,0.0649502,,6.6835244e-05,1921,0.01,0.0001,20,2,,,10
1922,model_type.poincare,activation.dmelu,,0.0005852908,0.06490369,,6.6821805e-05,1922,0.01,0.0001,20,2,,,10
1923,model_type.poincare,activation.dmelu,,0.00058537384,0.0649129,,6.681143e-05,1923,0.01,0.0001,20,2,,,10
1924,model_type.poincare,activation.dmelu,,0.0005850816,0.06488049,,6.679867e-05,1924,0.01,0.0001,20,2,,,10
1925,model_type.poincare,activation.dmelu,,0.0005850149,0.06487309,,6.6787376e-05,1925,0.01,0.0001,20,2,,,10
1926,model_type.poincare,activation.dmelu,,0.00058487174,0.06485722,,6.677571e-05,1926,0.01,0.0001,20,2,,,10
1927,model_type.poincare,activation.dmelu,,0.0005846943,0.064837545,,6.6764645e-05,1927,0.01,0.0001,20,2,,,10
1928,model_type.poincare,activation.dmelu,,0.0005846067,0.06482783,,6.675372e-05,1928,0.01,0.0001,20,2,,,10
1929,model_type.poincare,activation.dmelu,,0.00058443093,0.06480834,,6.6744e-05,1929,0.01,0.0001,20,2,,,10
1930,model_type.poincare,activation.dmelu,,0.00058429665,0.064793445,,6.6737324e-05,1930,0.01,0.0001,20,2,,,10
1931,model_type.poincare,activation.dmelu,,0.00058424135,0.06478731,,6.673195e-05,1931,0.01,0.0001,20,2,,,10
1932,model_type.poincare,activation.dmelu,,0.00058394246,0.06475417,,6.6734494e-05,1932,0.01,0.0001,20,2,,,10
1933,model_type.poincare,activation.dmelu,,0.0005841683,0.064779215,,6.674707e-05,1933,0.01,0.0001,20,2,,,10
1934,model_type.poincare,activation.dmelu,,0.0005835609,0.06471186,,6.677898e-05,1934,0.01,0.0001,20,2,,,10
1935,model_type.poincare,activation.dmelu,,0.00058436545,0.064801075,,6.684972e-05,1935,0.01,0.0001,20,2,,,10
1936,model_type.poincare,activation.dmelu,,0.00058326795,0.06467938,,6.698948e-05,1936,0.01,0.0001,20,2,,,10
1937,model_type.poincare,activation.dmelu,,0.0005853008,0.0649048,,6.727004e-05,1937,0.01,0.0001,20,2,,,10
1938,model_type.poincare,activation.dmelu,,0.0005836184,0.06471824,,6.78078e-05,1938,0.01,0.0001,20,2,,,10
1939,model_type.poincare,activation.dmelu,,0.0005886134,0.06527214,,6.8869784e-05,1939,0.01,0.0001,20,2,,,10
1940,model_type.poincare,activation.dmelu,,0.0005870348,0.065097086,,7.092752e-05,1940,0.01,0.0001,20,2,,,10
1941,model_type.poincare,activation.dmelu,,0.00060033734,0.06657222,,7.501819e-05,1941,0.01,0.0001,20,2,,,10
1942,model_type.poincare,activation.dmelu,,0.00060390687,0.06696805,,8.306583e-05,1942,0.01,0.0001,20,2,,,10
1943,model_type.poincare,activation.dmelu,,0.0006428908,0.07129104,,9.908999e-05,1943,0.01,0.0001,20,2,,,10
1944,model_type.poincare,activation.dmelu,,0.00067380955,0.07471965,,0.00013036634,1944,0.01,0.0001,20,2,,,10
1945,model_type.poincare,activation.dmelu,,0.0007856947,0.08712675,,0.00019030887,1945,0.01,0.0001,20,2,,,10
1946,model_type.poincare,activation.dmelu,,0.0008896635,0.098656,,0.0002963716,1946,0.01,0.0001,20,2,,,10
1947,model_type.poincare,activation.dmelu,,0.0010732976,0.11901943,,0.00046109676,1947,0.01,0.0001,20,2,,,10
1948,model_type.poincare,activation.dmelu,,0.001095287,0.12145787,,0.000641242,1948,0.01,0.0001,20,2,,,10
1949,model_type.poincare,activation.dmelu,,0.000995859,0.11043216,,0.0007150277,1949,0.01,0.0001,20,2,,,10
1950,model_type.poincare,activation.dmelu,,0.0007377398,0.08180897,,0.00054910616,1950,0.01,0.0001,20,2,,,10
1951,model_type.poincare,activation.dmelu,,0.00071544753,0.07933695,,0.0002843015,1951,0.01,0.0001,20,2,,,10
1952,model_type.poincare,activation.dmelu,,0.0007302949,0.08098339,,0.00019347083,1952,0.01,0.0001,20,2,,,10
1953,model_type.poincare,activation.dmelu,,0.00086079695,0.09545494,,0.00030467854,1953,0.01,0.0001,20,2,,,10
1954,model_type.poincare,activation.dmelu,,0.000684559,0.07591168,,0.0003550854,1954,0.01,0.0001,20,2,,,10
1955,model_type.poincare,activation.dmelu,,0.0006739456,0.07473474,,0.00023094955,1955,0.01,0.0001,20,2,,,10
1956,model_type.poincare,activation.dmelu,,0.00067328406,0.07466138,,0.00013000802,1956,0.01,0.0001,20,2,,,10
1957,model_type.poincare,activation.dmelu,,0.00071726186,0.079538144,,0.00018848263,1957,0.01,0.0001,20,2,,,10
1958,model_type.poincare,activation.dmelu,,0.0006869035,0.07617166,,0.00023906233,1958,0.01,0.0001,20,2,,,10
1959,model_type.poincare,activation.dmelu,,0.0005850414,0.064876035,,0.00015836209,1959,0.01,0.0001,20,2,,,10
1960,model_type.poincare,activation.dmelu,,0.0007179178,0.07961088,,0.00010632264,1960,0.01,0.0001,20,2,,,10
1961,model_type.poincare,activation.dmelu,,0.0006622032,0.07343261,,0.0001727121,1961,0.01,0.0001,20,2,,,10
1962,model_type.poincare,activation.dmelu,,0.00063395314,0.07029992,,0.00019608291,1962,0.01,0.0001,20,2,,,10
1963,model_type.poincare,activation.dmelu,,0.00060731196,0.06734565,,0.000111027024,1963,0.01,0.0001,20,2,,,10
1964,model_type.poincare,activation.dmelu,,0.0006262033,0.069440536,,7.631969e-05,1964,0.01,0.0001,20,2,,,10
1965,model_type.poincare,activation.dmelu,,0.00068109704,0.07552777,,0.00013741021,1965,0.01,0.0001,20,2,,,10
1966,model_type.poincare,activation.dmelu,,0.00059237174,0.06568891,,0.00015371224,1966,0.01,0.0001,20,2,,,10
1967,model_type.poincare,activation.dmelu,,0.00062380196,0.069174245,,9.860704e-05,1967,0.01,0.0001,20,2,,,10
1968,model_type.poincare,activation.dmelu,,0.0006191604,0.06865954,,8.596516e-05,1968,0.01,0.0001,20,2,,,10
1969,model_type.poincare,activation.dmelu,,0.0006187354,0.068612404,,0.00011920579,1969,0.01,0.0001,20,2,,,10
1970,model_type.poincare,activation.dmelu,,0.0006138934,0.06807547,,0.000111775815,1970,0.01,0.0001,20,2,,,10
1971,model_type.poincare,activation.dmelu,,0.00058715855,0.06511081,,8.143595e-05,1971,0.01,0.0001,20,2,,,10
1972,model_type.poincare,activation.dmelu,,0.00063235295,0.07012248,,8.967492e-05,1972,0.01,0.0001,20,2,,,10
1973,model_type.poincare,activation.dmelu,,0.00059660507,0.06615835,,0.000106736356,1973,0.01,0.0001,20,2,,,10
1974,model_type.poincare,activation.dmelu,,0.00059443596,0.06591781,,9.14359e-05,1974,0.01,0.0001,20,2,,,10
1975,model_type.poincare,activation.dmelu,,0.0006047213,0.06705837,,7.759608e-05,1975,0.01,0.0001,20,2,,,10
1976,model_type.poincare,activation.dmelu,,0.0005993192,0.06645931,,8.969395e-05,1976,0.01,0.0001,20,2,,,10
1977,model_type.poincare,activation.dmelu,,0.00059423497,0.06589552,,9.23291e-05,1977,0.01,0.0001,20,2,,,10
1978,model_type.poincare,activation.dmelu,,0.0005837678,0.0647348,,7.640523e-05,1978,0.01,0.0001,20,2,,,10
1979,model_type.poincare,activation.dmelu,,0.0006009882,0.0666444,,7.5229465e-05,1979,0.01,0.0001,20,2,,,10
1980,model_type.poincare,activation.dmelu,,0.0005914039,0.06558158,,8.7882945e-05,1980,0.01,0.0001,20,2,,,10
1981,model_type.poincare,activation.dmelu,,0.0005867803,0.06506886,,8.52763e-05,1981,0.01,0.0001,20,2,,,10
1982,model_type.poincare,activation.dmelu,,0.00057778927,0.064071834,,7.231794e-05,1982,0.01,0.0001,20,2,,,10
1983,model_type.poincare,activation.dmelu,,0.0005925731,0.06571123,,7.302022e-05,1983,0.01,0.0001,20,2,,,10
1984,model_type.poincare,activation.dmelu,,0.00058532145,0.06490709,,8.062532e-05,1984,0.01,0.0001,20,2,,,10
1985,model_type.poincare,activation.dmelu,,0.0005749864,0.06376102,,7.758223e-05,1985,0.01,0.0001,20,2,,,10
1986,model_type.poincare,activation.dmelu,,0.0005861262,0.064996324,,7.121829e-05,1986,0.01,0.0001,20,2,,,10
1987,model_type.poincare,activation.dmelu,,0.0005761369,0.0638886,,7.3427254e-05,1987,0.01,0.0001,20,2,,,10
1988,model_type.poincare,activation.dmelu,,0.0005847968,0.064848915,,7.677671e-05,1988,0.01,0.0001,20,2,,,10
1989,model_type.poincare,activation.dmelu,,0.0005703289,0.063244544,,7.3121766e-05,1989,0.01,0.0001,20,2,,,10
1990,model_type.poincare,activation.dmelu,,0.00058077415,0.06440283,,7.003409e-05,1990,0.01,0.0001,20,2,,,10
1991,model_type.poincare,activation.dmelu,,0.0005761553,0.06389064,,7.222335e-05,1991,0.01,0.0001,20,2,,,10
1992,model_type.poincare,activation.dmelu,,0.00057076075,0.06329244,,7.3044765e-05,1992,0.01,0.0001,20,2,,,10
1993,model_type.poincare,activation.dmelu,,0.00057887746,0.0641925,,7.0000264e-05,1993,0.01,0.0001,20,2,,,10
1994,model_type.poincare,activation.dmelu,,0.0005668102,0.06285435,,6.9030255e-05,1994,0.01,0.0001,20,2,,,10
1995,model_type.poincare,activation.dmelu,,0.0005803757,0.06435865,,7.145219e-05,1995,0.01,0.0001,20,2,,,10
1996,model_type.poincare,activation.dmelu,,0.0005673897,0.06291862,,7.170443e-05,1996,0.01,0.0001,20,2,,,10
1997,model_type.poincare,activation.dmelu,,0.0005718614,0.063414484,,6.904756e-05,1997,0.01,0.0001,20,2,,,10
1998,model_type.poincare,activation.dmelu,,0.0005706223,0.06327708,,6.804738e-05,1998,0.01,0.0001,20,2,,,10
1999,model_type.poincare,activation.dmelu,,0.0005697124,0.063176185,,6.947347e-05,1999,0.01,0.0001,20,2,,,10
2000,model_type.poincare,activation.dmelu,,0.0005717112,0.06339783,,6.970651e-05,2000,0.01,0.0001,20,2,,,10
2001,model_type.poincare,activation.dmelu,,0.0005655937,0.06271946,,6.827738e-05,2001,0.01,0.0001,20,2,,,10
2002,model_type.poincare,activation.dmelu,,0.0005716781,0.06339416,,6.7752306e-05,2002,0.01,0.0001,20,2,,,10
2003,model_type.poincare,activation.dmelu,,0.0005664289,0.06281207,,6.849967e-05,2003,0.01,0.0001,20,2,,,10
2004,model_type.poincare,activation.dmelu,,0.00056965934,0.0631703,,6.8656096e-05,2004,0.01,0.0001,20,2,,,10
2005,model_type.poincare,activation.dmelu,,0.00056532107,0.06268922,,6.779611e-05,2005,0.01,0.0001,20,2,,,10
2006,model_type.poincare,activation.dmelu,,0.0005690873,0.06310686,,6.7538174e-05,2006,0.01,0.0001,20,2,,,10
2007,model_type.poincare,activation.dmelu,,0.00056580873,0.0627433,,6.794882e-05,2007,0.01,0.0001,20,2,,,10
2008,model_type.poincare,activation.dmelu,,0.0005671625,0.06289342,,6.786731e-05,2008,0.01,0.0001,20,2,,,10
2009,model_type.poincare,activation.dmelu,,0.0005645649,0.062605366,,6.714326e-05,2009,0.01,0.0001,20,2,,,10
2010,model_type.poincare,activation.dmelu,,0.0005668679,0.06286075,,6.687299e-05,2010,0.01,0.0001,20,2,,,10
2011,model_type.poincare,activation.dmelu,,0.00056486705,0.06263887,,6.722729e-05,2011,0.01,0.0001,20,2,,,10
2012,model_type.poincare,activation.dmelu,,0.0005650597,0.06266024,,6.735692e-05,2012,0.01,0.0001,20,2,,,10
2013,model_type.poincare,activation.dmelu,,0.0005654855,0.062707454,,6.6952125e-05,2013,0.01,0.0001,20,2,,,10
2014,model_type.poincare,activation.dmelu,,0.0005626453,0.062392503,,6.664792e-05,2014,0.01,0.0001,20,2,,,10
2015,model_type.poincare,activation.dmelu,,0.00056656223,0.06282686,,6.679376e-05,2015,0.01,0.0001,20,2,,,10
2016,model_type.poincare,activation.dmelu,,0.0005615729,0.06227358,,6.692869e-05,2016,0.01,0.0001,20,2,,,10
2017,model_type.poincare,activation.dmelu,,0.00056611316,0.06277706,,6.6797424e-05,2017,0.01,0.0001,20,2,,,10
2018,model_type.poincare,activation.dmelu,,0.0005608841,0.062197197,,6.6579596e-05,2018,0.01,0.0001,20,2,,,10
2019,model_type.poincare,activation.dmelu,,0.0005658847,0.06275172,,6.66094e-05,2019,0.01,0.0001,20,2,,,10
2020,model_type.poincare,activation.dmelu,,0.00056071003,0.062177896,,6.6664164e-05,2020,0.01,0.0001,20,2,,,10
2021,model_type.poincare,activation.dmelu,,0.00056452915,0.0626014,,6.6566914e-05,2021,0.01,0.0001,20,2,,,10
2022,model_type.poincare,activation.dmelu,,0.0005610266,0.062213004,,6.639023e-05,2022,0.01,0.0001,20,2,,,10
2023,model_type.poincare,activation.dmelu,,0.00056402385,0.06254537,,6.638802e-05,2023,0.01,0.0001,20,2,,,10
2024,model_type.poincare,activation.dmelu,,0.000560631,0.06216913,,6.644617e-05,2024,0.01,0.0001,20,2,,,10
2025,model_type.poincare,activation.dmelu,,0.0005639381,0.06253586,,6.644612e-05,2025,0.01,0.0001,20,2,,,10
2026,model_type.poincare,activation.dmelu,,0.00055983197,0.062080525,,6.629988e-05,2026,0.01,0.0001,20,2,,,10
2027,model_type.poincare,activation.dmelu,,0.0005642396,0.0625693,,6.624212e-05,2027,0.01,0.0001,20,2,,,10
2028,model_type.poincare,activation.dmelu,,0.0005589456,0.061982233,,6.6255176e-05,2028,0.01,0.0001,20,2,,,10
2029,model_type.poincare,activation.dmelu,,0.0005649172,0.06264444,,6.631513e-05,2029,0.01,0.0001,20,2,,,10
2030,model_type.poincare,activation.dmelu,,0.00055792544,0.061869107,,6.6287816e-05,2030,0.01,0.0001,20,2,,,10
2031,model_type.poincare,activation.dmelu,,0.0005655483,0.06271442,,6.62887e-05,2031,0.01,0.0001,20,2,,,10
2032,model_type.poincare,activation.dmelu,,0.00055700255,0.06176677,,6.631119e-05,2032,0.01,0.0001,20,2,,,10
2033,model_type.poincare,activation.dmelu,,0.0005666227,0.06283356,,6.6452536e-05,2033,0.01,0.0001,20,2,,,10
2034,model_type.poincare,activation.dmelu,,0.00055567024,0.06161903,,6.655947e-05,2034,0.01,0.0001,20,2,,,10
2035,model_type.poincare,activation.dmelu,,0.0005689719,0.063094065,,6.68058e-05,2035,0.01,0.0001,20,2,,,10
2036,model_type.poincare,activation.dmelu,,0.0005534437,0.06137212,,6.710911e-05,2036,0.01,0.0001,20,2,,,10
2037,model_type.poincare,activation.dmelu,,0.00057357276,0.06360426,,6.777505e-05,2037,0.01,0.0001,20,2,,,10
2038,model_type.poincare,activation.dmelu,,0.0005504776,0.061043207,,6.866924e-05,2038,0.01,0.0001,20,2,,,10
2039,model_type.poincare,activation.dmelu,,0.00058280275,0.06462779,,7.0298585e-05,2039,0.01,0.0001,20,2,,,10
2040,model_type.poincare,activation.dmelu,,0.0005471334,0.060672365,,7.2698575e-05,2040,0.01,0.0001,20,2,,,10
2041,model_type.poincare,activation.dmelu,,0.0006020219,0.06675902,,7.703959e-05,2041,0.01,0.0001,20,2,,,10
2042,model_type.poincare,activation.dmelu,,0.00054748147,0.060710963,,8.385743e-05,2042,0.01,0.0001,20,2,,,10
2043,model_type.poincare,activation.dmelu,,0.0006443212,0.07144965,,9.591248e-05,2043,0.01,0.0001,20,2,,,10
2044,model_type.poincare,activation.dmelu,,0.00056418637,0.06256339,,0.00011531307,2044,0.01,0.0001,20,2,,,10
2045,model_type.poincare,activation.dmelu,,0.00074060797,0.08212702,,0.0001487914,2045,0.01,0.0001,20,2,,,10
2046,model_type.poincare,activation.dmelu,,0.00063141965,0.070018984,,0.0002014104,2046,0.01,0.0001,20,2,,,10
2047,model_type.poincare,activation.dmelu,,0.000932964,0.10345764,,0.00028519373,2047,0.01,0.0001,20,2,,,10
2048,model_type.poincare,activation.dmelu,,0.0007771643,0.086180806,,0.0003977708,2048,0.01,0.0001,20,2,,,10
2049,model_type.poincare,activation.dmelu,,0.0011362524,0.12600057,,0.00053331186,2049,0.01,0.0001,20,2,,,10
2050,model_type.poincare,activation.dmelu,,0.00083175604,0.09223456,,0.00062512717,2050,0.01,0.0001,20,2,,,10
2051,model_type.poincare,activation.dmelu,,0.00096797646,0.107340224,,0.00061815314,2051,0.01,0.0001,20,2,,,10
2052,model_type.poincare,activation.dmelu,,0.00063094246,0.06996606,,0.00045624172,2052,0.01,0.0001,20,2,,,10
2053,model_type.poincare,activation.dmelu,,0.0006008218,0.066625945,,0.000244436,2053,0.01,0.0001,20,2,,,10
2054,model_type.poincare,activation.dmelu,,0.0006622347,0.07343611,,0.00011224243,2054,0.01,0.0001,20,2,,,10
2055,model_type.poincare,activation.dmelu,,0.0005944744,0.06592207,,0.00012649478,2055,0.01,0.0001,20,2,,,10
2056,model_type.poincare,activation.dmelu,,0.00079566095,0.08823192,,0.00021785844,2056,0.01,0.0001,20,2,,,10
2057,model_type.poincare,activation.dmelu,,0.0006244454,0.0692456,,0.00026567478,2057,0.01,0.0001,20,2,,,10
2058,model_type.poincare,activation.dmelu,,0.0006427891,0.07127976,,0.00022773303,2058,0.01,0.0001,20,2,,,10
2059,model_type.poincare,activation.dmelu,,0.0006234608,0.06913641,,0.0001479841,2059,0.01,0.0001,20,2,,,10
2060,model_type.poincare,activation.dmelu,,0.00055653066,0.06171444,,0.00010754588,2060,0.01,0.0001,20,2,,,10
2061,model_type.poincare,activation.dmelu,,0.0006820941,0.07563834,,0.0001241441,2061,0.01,0.0001,20,2,,,10
2062,model_type.poincare,activation.dmelu,,0.00059642317,0.06613817,,0.0001555491,2062,0.01,0.0001,20,2,,,10
2063,model_type.poincare,activation.dmelu,,0.0006242218,0.0692208,,0.00016058325,2063,0.01,0.0001,20,2,,,10
2064,model_type.poincare,activation.dmelu,,0.00060890854,0.0675227,,0.00013149121,2064,0.01,0.0001,20,2,,,10
2065,model_type.poincare,activation.dmelu,,0.00054996554,0.060986426,,0.000100051264,2065,0.01,0.0001,20,2,,,10
2066,model_type.poincare,activation.dmelu,,0.00062814885,0.069656275,,9.436507e-05,2066,0.01,0.0001,20,2,,,10
2067,model_type.poincare,activation.dmelu,,0.00058657944,0.065046586,,0.00011191642,2067,0.01,0.0001,20,2,,,10
2068,model_type.poincare,activation.dmelu,,0.0006019218,0.066747926,,0.00012546567,2068,0.01,0.0001,20,2,,,10
2069,model_type.poincare,activation.dmelu,,0.00059289223,0.06574663,,0.0001126135,2069,0.01,0.0001,20,2,,,10
2070,model_type.poincare,activation.dmelu,,0.0005508033,0.061079327,,8.744368e-05,2070,0.01,0.0001,20,2,,,10
2071,model_type.poincare,activation.dmelu,,0.00059898634,0.06642241,,7.944624e-05,2071,0.01,0.0001,20,2,,,10
2072,model_type.poincare,activation.dmelu,,0.0005826806,0.06461424,,9.4118885e-05,2072,0.01,0.0001,20,2,,,10
2073,model_type.poincare,activation.dmelu,,0.0005857012,0.0649492,,0.00010671013,2073,0.01,0.0001,20,2,,,10
2074,model_type.poincare,activation.dmelu,,0.000576004,0.063873865,,9.656834e-05,2074,0.01,0.0001,20,2,,,10
2075,model_type.poincare,activation.dmelu,,0.0005550232,0.061547276,,7.716545e-05,2075,0.01,0.0001,20,2,,,10
2076,model_type.poincare,activation.dmelu,,0.000582354,0.06457803,,7.306685e-05,2076,0.01,0.0001,20,2,,,10
2077,model_type.poincare,activation.dmelu,,0.00057534303,0.063800566,,8.552142e-05,2077,0.01,0.0001,20,2,,,10
2078,model_type.poincare,activation.dmelu,,0.00057464454,0.06372311,,9.3578805e-05,2078,0.01,0.0001,20,2,,,10
2079,model_type.poincare,activation.dmelu,,0.0005633389,0.06246942,,8.468517e-05,2079,0.01,0.0001,20,2,,,10
2080,model_type.poincare,activation.dmelu,,0.00055857317,0.06194094,,7.172292e-05,2080,0.01,0.0001,20,2,,,10
2081,model_type.poincare,activation.dmelu,,0.0005709257,0.06331073,,7.0777605e-05,2081,0.01,0.0001,20,2,,,10
2082,model_type.poincare,activation.dmelu,,0.00056659733,0.062830746,,7.956964e-05,2082,0.01,0.0001,20,2,,,10
2083,model_type.poincare,activation.dmelu,,0.00056855526,0.06304786,,8.374325e-05,2083,0.01,0.0001,20,2,,,10
2084,model_type.poincare,activation.dmelu,,0.00055514654,0.061560955,,7.7321194e-05,2084,0.01,0.0001,20,2,,,10
2085,model_type.poincare,activation.dmelu,,0.00055947405,0.062040836,,6.9649825e-05,2085,0.01,0.0001,20,2,,,10
2086,model_type.poincare,activation.dmelu,,0.00056266075,0.062394213,,6.961855e-05,2086,0.01,0.0001,20,2,,,10
2087,model_type.poincare,activation.dmelu,,0.0005596968,0.062065538,,7.473618e-05,2087,0.01,0.0001,20,2,,,10
2088,model_type.poincare,activation.dmelu,,0.00056407263,0.062550776,,7.6798715e-05,2088,0.01,0.0001,20,2,,,10
2089,model_type.poincare,activation.dmelu,,0.00055005425,0.06099626,,7.3176554e-05,2089,0.01,0.0001,20,2,,,10
2090,model_type.poincare,activation.dmelu,,0.0005596451,0.06205981,,6.9061105e-05,2090,0.01,0.0001,20,2,,,10
2091,model_type.poincare,activation.dmelu,,0.0005553393,0.06158233,,6.871917e-05,2091,0.01,0.0001,20,2,,,10
2092,model_type.poincare,activation.dmelu,,0.00055498333,0.061542854,,7.105276e-05,2092,0.01,0.0001,20,2,,,10
2093,model_type.poincare,activation.dmelu,,0.0005608034,0.06218825,,7.2176445e-05,2093,0.01,0.0001,20,2,,,10
2094,model_type.poincare,activation.dmelu,,0.0005463595,0.06058655,,7.0729184e-05,2094,0.01,0.0001,20,2,,,10
2095,model_type.poincare,activation.dmelu,,0.0005589634,0.061984207,,6.8808324e-05,2095,0.01,0.0001,20,2,,,10
2096,model_type.poincare,activation.dmelu,,0.000549827,0.060971063,,6.8113695e-05,2096,0.01,0.0001,20,2,,,10
2097,model_type.poincare,activation.dmelu,,0.0005522119,0.061235525,,6.870822e-05,2097,0.01,0.0001,20,2,,,10
2098,model_type.poincare,activation.dmelu,,0.00055669533,0.061732702,,6.9208996e-05,2098,0.01,0.0001,20,2,,,10
2099,model_type.poincare,activation.dmelu,,0.00054454093,0.060384884,,6.892937e-05,2099,0.01,0.0001,20,2,,,10
2100,model_type.poincare,activation.dmelu,,0.00055768725,0.061842695,,6.834626e-05,2100,0.01,0.0001,20,2,,,10
2101,model_type.poincare,activation.dmelu,,0.00054523966,0.060462367,,6.7785026e-05,2101,0.01,0.0001,20,2,,,10
2102,model_type.poincare,activation.dmelu,,0.00055161293,0.061169107,,6.75882e-05,2102,0.01,0.0001,20,2,,,10
2103,model_type.poincare,activation.dmelu,,0.00055180886,0.061190832,,6.748527e-05,2103,0.01,0.0001,20,2,,,10
2104,model_type.poincare,activation.dmelu,,0.0005436895,0.060290463,,6.7456e-05,2104,0.01,0.0001,20,2,,,10
2105,model_type.poincare,activation.dmelu,,0.0005557061,0.061623003,,6.7526635e-05,2105,0.01,0.0001,20,2,,,10
2106,model_type.poincare,activation.dmelu,,0.00054211915,0.06011633,,6.742432e-05,2106,0.01,0.0001,20,2,,,10
2107,model_type.poincare,activation.dmelu,,0.00055177236,0.061186787,,6.7208486e-05,2107,0.01,0.0001,20,2,,,10
2108,model_type.poincare,activation.dmelu,,0.00054687145,0.06064332,,6.678304e-05,2108,0.01,0.0001,20,2,,,10
2109,model_type.poincare,activation.dmelu,,0.0005442031,0.06034742,,6.652833e-05,2109,0.01,0.0001,20,2,,,10
2110,model_type.poincare,activation.dmelu,,0.00055216235,0.061230034,,6.658728e-05,2110,0.01,0.0001,20,2,,,10
2111,model_type.poincare,activation.dmelu,,0.0005406568,0.059954166,,6.67716e-05,2111,0.01,0.0001,20,2,,,10
2112,model_type.poincare,activation.dmelu,,0.00055167516,0.061176006,,6.6885805e-05,2112,0.01,0.0001,20,2,,,10
2113,model_type.poincare,activation.dmelu,,0.0005428054,0.06019243,,6.66207e-05,2113,0.01,0.0001,20,2,,,10
2114,model_type.poincare,activation.dmelu,,0.00054576993,0.060521167,,6.6276196e-05,2114,0.01,0.0001,20,2,,,10
2115,model_type.poincare,activation.dmelu,,0.00054752175,0.06071543,,6.603222e-05,2115,0.01,0.0001,20,2,,,10
2116,model_type.poincare,activation.dmelu,,0.00054104824,0.059997573,,6.6066576e-05,2116,0.01,0.0001,20,2,,,10
2117,model_type.poincare,activation.dmelu,,0.0005498639,0.060975153,,6.627949e-05,2117,0.01,0.0001,20,2,,,10
2118,model_type.poincare,activation.dmelu,,0.0005404959,0.059936326,,6.633955e-05,2118,0.01,0.0001,20,2,,,10
2119,model_type.poincare,activation.dmelu,,0.000547371,0.06069871,,6.625012e-05,2119,0.01,0.0001,20,2,,,10
2120,model_type.poincare,activation.dmelu,,0.00054311904,0.060227208,,6.598115e-05,2120,0.01,0.0001,20,2,,,10
2121,model_type.poincare,activation.dmelu,,0.0005428676,0.060199324,,6.5805245e-05,2121,0.01,0.0001,20,2,,,10
2122,model_type.poincare,activation.dmelu,,0.00054636755,0.06058744,,6.577319e-05,2122,0.01,0.0001,20,2,,,10
2123,model_type.poincare,activation.dmelu,,0.0005403577,0.059921,,6.5842796e-05,2123,0.01,0.0001,20,2,,,10
2124,model_type.poincare,activation.dmelu,,0.00054699223,0.06065671,,6.59352e-05,2124,0.01,0.0001,20,2,,,10
2125,model_type.poincare,activation.dmelu,,0.0005406731,0.059955973,,6.5894004e-05,2125,0.01,0.0001,20,2,,,10
2126,model_type.poincare,activation.dmelu,,0.0005447295,0.060405795,,6.58148e-05,2126,0.01,0.0001,20,2,,,10
2127,model_type.poincare,activation.dmelu,,0.00054258376,0.06016785,,6.568287e-05,2127,0.01,0.0001,20,2,,,10
2128,model_type.poincare,activation.dmelu,,0.00054209837,0.060114022,,6.561929e-05,2128,0.01,0.0001,20,2,,,10
2129,model_type.poincare,activation.dmelu,,0.0005443328,0.060361803,,6.559907e-05,2129,0.01,0.0001,20,2,,,10
2130,model_type.poincare,activation.dmelu,,0.0005406484,0.059953235,,6.55991e-05,2130,0.01,0.0001,20,2,,,10
2131,model_type.poincare,activation.dmelu,,0.00054458325,0.060389575,,6.5609274e-05,2131,0.01,0.0001,20,2,,,10
2132,model_type.poincare,activation.dmelu,,0.00054064224,0.059952553,,6.557459e-05,2132,0.01,0.0001,20,2,,,10
2133,model_type.poincare,activation.dmelu,,0.0005434862,0.06026792,,6.555736e-05,2133,0.01,0.0001,20,2,,,10
2134,model_type.poincare,activation.dmelu,,0.0005415901,0.060057662,,6.551138e-05,2134,0.01,0.0001,20,2,,,10
2135,model_type.poincare,activation.dmelu,,0.0005421198,0.0601164,,6.548614e-05,2135,0.01,0.0001,20,2,,,10
2136,model_type.poincare,activation.dmelu,,0.00054237456,0.06014465,,6.544533e-05,2136,0.01,0.0001,20,2,,,10
2137,model_type.poincare,activation.dmelu,,0.0005411482,0.060008656,,6.5407905e-05,2137,0.01,0.0001,20,2,,,10
2138,model_type.poincare,activation.dmelu,,0.000542583,0.060167767,,6.5378685e-05,2138,0.01,0.0001,20,2,,,10
2139,model_type.poincare,activation.dmelu,,0.00054080074,0.05997013,,6.535209e-05,2139,0.01,0.0001,20,2,,,10
2140,model_type.poincare,activation.dmelu,,0.00054239493,0.06014691,,6.535203e-05,2140,0.01,0.0001,20,2,,,10
2141,model_type.poincare,activation.dmelu,,0.0005408209,0.05997236,,6.53404e-05,2141,0.01,0.0001,20,2,,,10
2142,model_type.poincare,activation.dmelu,,0.0005419741,0.060100242,,6.533706e-05,2142,0.01,0.0001,20,2,,,10
2143,model_type.poincare,activation.dmelu,,0.00054082234,0.05997252,,6.530794e-05,2143,0.01,0.0001,20,2,,,10
2144,model_type.poincare,activation.dmelu,,0.0005415453,0.06005269,,6.5280765e-05,2144,0.01,0.0001,20,2,,,10
2145,model_type.poincare,activation.dmelu,,0.0005408171,0.059971943,,6.524215e-05,2145,0.01,0.0001,20,2,,,10
2146,model_type.poincare,activation.dmelu,,0.0005411483,0.060008667,,6.5216154e-05,2146,0.01,0.0001,20,2,,,10
2147,model_type.poincare,activation.dmelu,,0.0005408294,0.059973303,,6.519182e-05,2147,0.01,0.0001,20,2,,,10
2148,model_type.poincare,activation.dmelu,,0.00054072344,0.059961557,,6.517599e-05,2148,0.01,0.0001,20,2,,,10
2149,model_type.poincare,activation.dmelu,,0.0005408484,0.059975415,,6.5163564e-05,2149,0.01,0.0001,20,2,,,10
2150,model_type.poincare,activation.dmelu,,0.00054028333,0.059912752,,6.51499e-05,2150,0.01,0.0001,20,2,,,10
2151,model_type.poincare,activation.dmelu,,0.000540929,0.05998435,,6.513998e-05,2151,0.01,0.0001,20,2,,,10
2152,model_type.poincare,activation.dmelu,,0.0005398114,0.059860416,,6.512064e-05,2152,0.01,0.0001,20,2,,,10
2153,model_type.poincare,activation.dmelu,,0.0005409467,0.059986316,,6.510728e-05,2153,0.01,0.0001,20,2,,,10
2154,model_type.poincare,activation.dmelu,,0.00053941354,0.059816297,,6.508233e-05,2154,0.01,0.0001,20,2,,,10
2155,model_type.poincare,activation.dmelu,,0.0005408158,0.0599718,,6.506954e-05,2155,0.01,0.0001,20,2,,,10
2156,model_type.poincare,activation.dmelu,,0.000539207,0.059793398,,6.504601e-05,2156,0.01,0.0001,20,2,,,10
2157,model_type.poincare,activation.dmelu,,0.000540542,0.059941437,,6.503582e-05,2157,0.01,0.0001,20,2,,,10
2158,model_type.poincare,activation.dmelu,,0.0005391267,0.05978449,,6.501281e-05,2158,0.01,0.0001,20,2,,,10
2159,model_type.poincare,activation.dmelu,,0.0005401276,0.059895486,,6.4998836e-05,2159,0.01,0.0001,20,2,,,10
2160,model_type.poincare,activation.dmelu,,0.00053914427,0.05978644,,6.497475e-05,2160,0.01,0.0001,20,2,,,10
2161,model_type.poincare,activation.dmelu,,0.00053964276,0.05984172,,6.4958396e-05,2161,0.01,0.0001,20,2,,,10
2162,model_type.poincare,activation.dmelu,,0.0005392206,0.059794903,,6.4939224e-05,2162,0.01,0.0001,20,2,,,10
2163,model_type.poincare,activation.dmelu,,0.000539172,0.059789512,,6.492403e-05,2163,0.01,0.0001,20,2,,,10
2164,model_type.poincare,activation.dmelu,,0.0005392458,0.059797697,,6.490751e-05,2164,0.01,0.0001,20,2,,,10
2165,model_type.poincare,activation.dmelu,,0.00053876505,0.059744388,,6.489125e-05,2165,0.01,0.0001,20,2,,,10
2166,model_type.poincare,activation.dmelu,,0.00053918164,0.059790585,,6.487586e-05,2166,0.01,0.0001,20,2,,,10
2167,model_type.poincare,activation.dmelu,,0.00053845777,0.059710313,,6.4859225e-05,2167,0.01,0.0001,20,2,,,10
2168,model_type.poincare,activation.dmelu,,0.00053906336,0.05977747,,6.484659e-05,2168,0.01,0.0001,20,2,,,10
2169,model_type.poincare,activation.dmelu,,0.0005381944,0.059681106,,6.482765e-05,2169,0.01,0.0001,20,2,,,10
2170,model_type.poincare,activation.dmelu,,0.00053889526,0.059758827,,6.481531e-05,2170,0.01,0.0001,20,2,,,10
2171,model_type.poincare,activation.dmelu,,0.0005379452,0.059653472,,6.479591e-05,2171,0.01,0.0001,20,2,,,10
2172,model_type.poincare,activation.dmelu,,0.0005387481,0.05974251,,6.478413e-05,2172,0.01,0.0001,20,2,,,10
2173,model_type.poincare,activation.dmelu,,0.0005376677,0.0596227,,6.476626e-05,2173,0.01,0.0001,20,2,,,10
2174,model_type.poincare,activation.dmelu,,0.0005386647,0.05973326,,6.475708e-05,2174,0.01,0.0001,20,2,,,10
2175,model_type.poincare,activation.dmelu,,0.000537298,0.0595817,,6.473923e-05,2175,0.01,0.0001,20,2,,,10
2176,model_type.poincare,activation.dmelu,,0.00053869147,0.05973623,,6.473285e-05,2176,0.01,0.0001,20,2,,,10
2177,model_type.poincare,activation.dmelu,,0.0005367972,0.05952617,,6.471708e-05,2177,0.01,0.0001,20,2,,,10
2178,model_type.poincare,activation.dmelu,,0.0005389095,0.059760407,,6.471859e-05,2178,0.01,0.0001,20,2,,,10
2179,model_type.poincare,activation.dmelu,,0.000536097,0.05944852,,6.4709e-05,2179,0.01,0.0001,20,2,,,10
2180,model_type.poincare,activation.dmelu,,0.00053942204,0.05981724,,6.47282e-05,2180,0.01,0.0001,20,2,,,10
2181,model_type.poincare,activation.dmelu,,0.00053508556,0.059336364,,6.473371e-05,2181,0.01,0.0001,20,2,,,10
2182,model_type.poincare,activation.dmelu,,0.0005404534,0.059931614,,6.479379e-05,2182,0.01,0.0001,20,2,,,10
2183,model_type.poincare,activation.dmelu,,0.00053360517,0.059172202,,6.485121e-05,2183,0.01,0.0001,20,2,,,10
2184,model_type.poincare,activation.dmelu,,0.00054248655,0.060157068,,6.502128e-05,2184,0.01,0.0001,20,2,,,10
2185,model_type.poincare,activation.dmelu,,0.00053140573,0.058928303,,6.523389e-05,2185,0.01,0.0001,20,2,,,10
2186,model_type.poincare,activation.dmelu,,0.0005465282,0.060605254,,6.570954e-05,2186,0.01,0.0001,20,2,,,10
2187,model_type.poincare,activation.dmelu,,0.0005283417,0.058588527,,6.640178e-05,2187,0.01,0.0001,20,2,,,10
2188,model_type.poincare,activation.dmelu,,0.00055505655,0.061550975,,6.779842e-05,2188,0.01,0.0001,20,2,,,10
2189,model_type.poincare,activation.dmelu,,0.0005250574,0.058224324,,7.003033e-05,2189,0.01,0.0001,20,2,,,10
2190,model_type.poincare,activation.dmelu,,0.00057454704,0.0637123,,7.43407e-05,2190,0.01,0.0001,20,2,,,10
2191,model_type.poincare,activation.dmelu,,0.00052613503,0.058343828,,8.166138e-05,2191,0.01,0.0001,20,2,,,10
2192,model_type.poincare,activation.dmelu,,0.0006233107,0.06911977,,9.556092e-05,2192,0.01,0.0001,20,2,,,10
2193,model_type.poincare,activation.dmelu,,0.00055158377,0.061165873,,0.00011991017,2193,0.01,0.0001,20,2,,,10
2194,model_type.poincare,activation.dmelu,,0.00075287477,0.0834873,,0.00016538062,2194,0.01,0.0001,20,2,,,10
2195,model_type.poincare,activation.dmelu,,0.0006669915,0.0739636,,0.00024375686,2195,0.01,0.0001,20,2,,,10
2196,model_type.poincare,activation.dmelu,,0.0010683849,0.11847465,,0.00038105293,2196,0.01,0.0001,20,2,,,10
2197,model_type.poincare,activation.dmelu,,0.0009633906,0.106831685,,0.0005858483,2197,0.01,0.0001,20,2,,,10
2198,model_type.poincare,activation.dmelu,,0.0014794429,0.16405743,,0.0008609604,2198,0.01,0.0001,20,2,,,10
2199,model_type.poincare,activation.dmelu,,0.0010827427,0.12006681,,0.0010640409,2199,0.01,0.0001,20,2,,,10
2200,model_type.poincare,activation.dmelu,,0.0011259227,0.12485509,,0.0010477722,2200,0.01,0.0001,20,2,,,10
2201,model_type.poincare,activation.dmelu,,0.00061744225,0.06846901,,0.0006648312,2201,0.01,0.0001,20,2,,,10
2202,model_type.poincare,activation.dmelu,,0.0005537256,0.06140338,,0.00023850735,2202,0.01,0.0001,20,2,,,10
2203,model_type.poincare,activation.dmelu,,0.0008656291,0.095990784,,0.00013308151,2203,0.01,0.0001,20,2,,,10
2204,model_type.poincare,activation.dmelu,,0.000716575,0.07946198,,0.00034310573,2204,0.01,0.0001,20,2,,,10
2205,model_type.poincare,activation.dmelu,,0.0008277484,0.09179014,,0.00048552276,2205,0.01,0.0001,20,2,,,10
2206,model_type.poincare,activation.dmelu,,0.00058613636,0.06499746,,0.00032354827,2206,0.01,0.0001,20,2,,,10
2207,model_type.poincare,activation.dmelu,,0.0005633747,0.062473387,,0.00013172271,2207,0.01,0.0001,20,2,,,10
2208,model_type.poincare,activation.dmelu,,0.0008236506,0.091335736,,0.00017901082,2208,0.01,0.0001,20,2,,,10
2209,model_type.poincare,activation.dmelu,,0.00059151015,0.06559336,,0.00030174918,2209,0.01,0.0001,20,2,,,10
2210,model_type.poincare,activation.dmelu,,0.00059965975,0.06649708,,0.00024541045,2210,0.01,0.0001,20,2,,,10
2211,model_type.poincare,activation.dmelu,,0.0006560118,0.07274604,,0.000114008275,2211,0.01,0.0001,20,2,,,10
2212,model_type.poincare,activation.dmelu,,0.00057847716,0.06414812,,0.00014002899,2212,0.01,0.0001,20,2,,,10
2213,model_type.poincare,activation.dmelu,,0.00068797165,0.07629011,,0.00022406559,2213,0.01,0.0001,20,2,,,10
2214,model_type.poincare,activation.dmelu,,0.00054891297,0.060869705,,0.00017327808,2214,0.01,0.0001,20,2,,,10
2215,model_type.poincare,activation.dmelu,,0.0005417161,0.060071636,,9.069979e-05,2215,0.01,0.0001,20,2,,,10
2216,model_type.poincare,activation.dmelu,,0.0007017138,0.07781399,,0.00012534863,2216,0.01,0.0001,20,2,,,10
2217,model_type.poincare,activation.dmelu,,0.00053787907,0.05964614,,0.00017556164,2217,0.01,0.0001,20,2,,,10
2218,model_type.poincare,activation.dmelu,,0.00054702867,0.06066075,,0.00012698365,2218,0.01,0.0001,20,2,,,10
2219,model_type.poincare,activation.dmelu,,0.0006300887,0.06987139,,7.916444e-05,2219,0.01,0.0001,20,2,,,10
2220,model_type.poincare,activation.dmelu,,0.0005423422,0.06014106,,0.00011769789,2220,0.01,0.0001,20,2,,,10
2221,model_type.poincare,activation.dmelu,,0.0005948075,0.065959014,,0.0001424993,2221,0.01,0.0001,20,2,,,10
2222,model_type.poincare,activation.dmelu,,0.000560926,0.062201843,,9.715325e-05,2222,0.01,0.0001,20,2,,,10
2223,model_type.poincare,activation.dmelu,,0.00053146255,0.058934603,,7.693436e-05,2223,0.01,0.0001,20,2,,,10
2224,model_type.poincare,activation.dmelu,,0.00062156,0.06892563,,0.00011050721,2224,0.01,0.0001,20,2,,,10
2225,model_type.poincare,activation.dmelu,,0.0005305945,0.058838345,,0.00011437297,2225,0.01,0.0001,20,2,,,10
2226,model_type.poincare,activation.dmelu,,0.0005285382,0.058610316,,8.085363e-05,2226,0.01,0.0001,20,2,,,10
2227,model_type.poincare,activation.dmelu,,0.0006051353,0.06710427,,7.7996636e-05,2227,0.01,0.0001,20,2,,,10
2228,model_type.poincare,activation.dmelu,,0.00052616355,0.05834699,,0.00010082822,2228,0.01,0.0001,20,2,,,10
2229,model_type.poincare,activation.dmelu,,0.0005485016,0.06082409,,9.4904426e-05,2229,0.01,0.0001,20,2,,,10
2230,model_type.poincare,activation.dmelu,,0.00056542194,0.062700406,,7.348774e-05,2230,0.01,0.0001,20,2,,,10
2231,model_type.poincare,activation.dmelu,,0.0005215196,0.057832018,,7.873119e-05,2231,0.01,0.0001,20,2,,,10
2232,model_type.poincare,activation.dmelu,,0.0005713782,0.06336091,,9.172935e-05,2232,0.01,0.0001,20,2,,,10
2233,model_type.poincare,activation.dmelu,,0.000537,0.05954866,,8.207642e-05,2233,0.01,0.0001,20,2,,,10
2234,model_type.poincare,activation.dmelu,,0.0005213437,0.057812512,,7.08427e-05,2234,0.01,0.0001,20,2,,,10
2235,model_type.poincare,activation.dmelu,,0.00057337247,0.06358205,,7.789747e-05,2235,0.01,0.0001,20,2,,,10
2236,model_type.poincare,activation.dmelu,,0.000522774,0.05797112,,8.362032e-05,2236,0.01,0.0001,20,2,,,10
2237,model_type.poincare,activation.dmelu,,0.0005310133,0.058884785,,7.510153e-05,2237,0.01,0.0001,20,2,,,10
2238,model_type.poincare,activation.dmelu,,0.00055632024,0.061691105,,6.9397625e-05,2238,0.01,0.0001,20,2,,,10
2239,model_type.poincare,activation.dmelu,,0.00051895797,0.057547953,,7.548157e-05,2239,0.01,0.0001,20,2,,,10
2240,model_type.poincare,activation.dmelu,,0.00054601696,0.060548563,,7.814311e-05,2240,0.01,0.0001,20,2,,,10
2241,model_type.poincare,activation.dmelu,,0.0005336744,0.059179876,,7.1285416e-05,2241,0.01,0.0001,20,2,,,10
2242,model_type.poincare,activation.dmelu,,0.0005183681,0.05748254,,6.839687e-05,2242,0.01,0.0001,20,2,,,10
2243,model_type.poincare,activation.dmelu,,0.0005520126,0.061213426,,7.2906994e-05,2243,0.01,0.0001,20,2,,,10
2244,model_type.poincare,activation.dmelu,,0.0005211361,0.05778949,,7.396474e-05,2244,0.01,0.0001,20,2,,,10
2245,model_type.poincare,activation.dmelu,,0.00052476936,0.058192387,,6.9489295e-05,2245,0.01,0.0001,20,2,,,10
2246,model_type.poincare,activation.dmelu,,0.00054198556,0.060101513,,6.76786e-05,2246,0.01,0.0001,20,2,,,10
2247,model_type.poincare,activation.dmelu,,0.00051589316,0.05720809,,7.047009e-05,2247,0.01,0.0001,20,2,,,10
2248,model_type.poincare,activation.dmelu,,0.00053440843,0.059261277,,7.123148e-05,2248,0.01,0.0001,20,2,,,10
2249,model_type.poincare,activation.dmelu,,0.0005276495,0.058511768,,6.821178e-05,2249,0.01,0.0001,20,2,,,10
2250,model_type.poincare,activation.dmelu,,0.000516639,0.057290796,,6.709449e-05,2250,0.01,0.0001,20,2,,,10
2251,model_type.poincare,activation.dmelu,,0.0005370288,0.059551854,,6.88552e-05,2251,0.01,0.0001,20,2,,,10
2252,model_type.poincare,activation.dmelu,,0.0005174786,0.057383906,,6.913784e-05,2252,0.01,0.0001,20,2,,,10
2253,model_type.poincare,activation.dmelu,,0.0005217142,0.0578536,,6.736049e-05,2253,0.01,0.0001,20,2,,,10
2254,model_type.poincare,activation.dmelu,,0.0005301735,0.058791656,,6.655127e-05,2254,0.01,0.0001,20,2,,,10
2255,model_type.poincare,activation.dmelu,,0.0005144953,0.05705308,,6.756685e-05,2255,0.01,0.0001,20,2,,,10
2256,model_type.poincare,activation.dmelu,,0.00052752177,0.058497604,,6.793586e-05,2256,0.01,0.0001,20,2,,,10
2257,model_type.poincare,activation.dmelu,,0.0005200231,0.057666067,,6.665986e-05,2257,0.01,0.0001,20,2,,,10
2258,model_type.poincare,activation.dmelu,,0.00051573676,0.05719075,,6.602224e-05,2258,0.01,0.0001,20,2,,,10
2259,model_type.poincare,activation.dmelu,,0.0005278145,0.058530066,,6.6691435e-05,2259,0.01,0.0001,20,2,,,10
2260,model_type.poincare,activation.dmelu,,0.0005143807,0.057040375,,6.698033e-05,2260,0.01,0.0001,20,2,,,10
2261,model_type.poincare,activation.dmelu,,0.00051996316,0.05765942,,6.630109e-05,2261,0.01,0.0001,20,2,,,10
2262,model_type.poincare,activation.dmelu,,0.0005218454,0.057868145,,6.5647e-05,2262,0.01,0.0001,20,2,,,10
2263,model_type.poincare,activation.dmelu,,0.00051330193,0.05692075,,6.5912485e-05,2263,0.01,0.0001,20,2,,,10
2264,model_type.poincare,activation.dmelu,,0.00052304403,0.058001064,,6.633413e-05,2264,0.01,0.0001,20,2,,,10
2265,model_type.poincare,activation.dmelu,,0.00051559997,0.05717558,,6.595674e-05,2265,0.01,0.0001,20,2,,,10
2266,model_type.poincare,activation.dmelu,,0.0005157061,0.05718735,,6.5441796e-05,2266,0.01,0.0001,20,2,,,10
2267,model_type.poincare,activation.dmelu,,0.00052147306,0.057826854,,6.543435e-05,2267,0.01,0.0001,20,2,,,10
2268,model_type.poincare,activation.dmelu,,0.00051269453,0.05685339,,6.569873e-05,2268,0.01,0.0001,20,2,,,10
2269,model_type.poincare,activation.dmelu,,0.0005189617,0.057548366,,6.5686e-05,2269,0.01,0.0001,20,2,,,10
2270,model_type.poincare,activation.dmelu,,0.00051672204,0.05730001,,6.528466e-05,2270,0.01,0.0001,20,2,,,10
2271,model_type.poincare,activation.dmelu,,0.0005135511,0.05694838,,6.51187e-05,2271,0.01,0.0001,20,2,,,10
2272,model_type.poincare,activation.dmelu,,0.0005199229,0.057654954,,6.5283355e-05,2272,0.01,0.0001,20,2,,,10
2273,model_type.poincare,activation.dmelu,,0.00051300676,0.056888014,,6.5337976e-05,2273,0.01,0.0001,20,2,,,10
2274,model_type.poincare,activation.dmelu,,0.0005162398,0.05724653,,6.5169996e-05,2274,0.01,0.0001,20,2,,,10
2275,model_type.poincare,activation.dmelu,,0.00051715906,0.05734847,,6.493604e-05,2275,0.01,0.0001,20,2,,,10
2276,model_type.poincare,activation.dmelu,,0.00051257655,0.056840308,,6.494182e-05,2276,0.01,0.0001,20,2,,,10
2277,model_type.poincare,activation.dmelu,,0.0005181774,0.057461396,,6.5069646e-05,2277,0.01,0.0001,20,2,,,10
2278,model_type.poincare,activation.dmelu,,0.0005136693,0.056961484,,6.500353e-05,2278,0.01,0.0001,20,2,,,10
2279,model_type.poincare,activation.dmelu,,0.00051460974,0.057065774,,6.484533e-05,2279,0.01,0.0001,20,2,,,10
2280,model_type.poincare,activation.dmelu,,0.000516798,0.05730843,,6.4741485e-05,2280,0.01,0.0001,20,2,,,10
2281,model_type.poincare,activation.dmelu,,0.0005124175,0.056822672,,6.4777145e-05,2281,0.01,0.0001,20,2,,,10
2282,model_type.poincare,activation.dmelu,,0.0005168141,0.05731022,,6.4835855e-05,2282,0.01,0.0001,20,2,,,10
2283,model_type.poincare,activation.dmelu,,0.0005139466,0.056992233,,6.474766e-05,2283,0.01,0.0001,20,2,,,10
2284,model_type.poincare,activation.dmelu,,0.00051376224,0.056971792,,6.4645596e-05,2284,0.01,0.0001,20,2,,,10
2285,model_type.poincare,activation.dmelu,,0.0005162249,0.05724488,,6.460182e-05,2285,0.01,0.0001,20,2,,,10
2286,model_type.poincare,activation.dmelu,,0.0005124661,0.056828063,,6.46166e-05,2286,0.01,0.0001,20,2,,,10
2287,model_type.poincare,activation.dmelu,,0.00051577244,0.057194706,,6.463096e-05,2287,0.01,0.0001,20,2,,,10
2288,model_type.poincare,activation.dmelu,,0.000513933,0.056990728,,6.455938e-05,2288,0.01,0.0001,20,2,,,10
2289,model_type.poincare,activation.dmelu,,0.0005133384,0.056924794,,6.450117e-05,2289,0.01,0.0001,20,2,,,10
2290,model_type.poincare,activation.dmelu,,0.00051555515,0.05717061,,6.4477e-05,2290,0.01,0.0001,20,2,,,10
2291,model_type.poincare,activation.dmelu,,0.0005125311,0.056835268,,6.447246e-05,2291,0.01,0.0001,20,2,,,10
2292,model_type.poincare,activation.dmelu,,0.00051493465,0.0571018,,6.4470165e-05,2292,0.01,0.0001,20,2,,,10
2293,model_type.poincare,activation.dmelu,,0.0005136601,0.056960464,,6.4416025e-05,2293,0.01,0.0001,20,2,,,10
2294,model_type.poincare,activation.dmelu,,0.00051318004,0.056907233,,6.4378604e-05,2294,0.01,0.0001,20,2,,,10
2295,model_type.poincare,activation.dmelu,,0.00051476405,0.057082884,,6.4358224e-05,2295,0.01,0.0001,20,2,,,10
2296,model_type.poincare,activation.dmelu,,0.00051243784,0.056824926,,6.434784e-05,2296,0.01,0.0001,20,2,,,10
2297,model_type.poincare,activation.dmelu,,0.00051435595,0.05703763,,6.4343025e-05,2297,0.01,0.0001,20,2,,,10
2298,model_type.poincare,activation.dmelu,,0.0005131684,0.05690594,,6.4300984e-05,2298,0.01,0.0001,20,2,,,10
2299,model_type.poincare,activation.dmelu,,0.0005129997,0.056887235,,6.427124e-05,2299,0.01,0.0001,20,2,,,10
2300,model_type.poincare,activation.dmelu,,0.0005140026,0.056998443,,6.4249834e-05,2300,0.01,0.0001,20,2,,,10
2301,model_type.poincare,activation.dmelu,,0.00051222986,0.056801863,,6.42352e-05,2301,0.01,0.0001,20,2,,,10
2302,model_type.poincare,activation.dmelu,,0.00051382044,0.056978244,,6.422974e-05,2302,0.01,0.0001,20,2,,,10
2303,model_type.poincare,activation.dmelu,,0.00051261944,0.056845065,,6.419892e-05,2303,0.01,0.0001,20,2,,,10
2304,model_type.poincare,activation.dmelu,,0.0005127802,0.056862894,,6.4175205e-05,2304,0.01,0.0001,20,2,,,10
2305,model_type.poincare,activation.dmelu,,0.00051323866,0.05691373,,6.415203e-05,2305,0.01,0.0001,20,2,,,10
2306,model_type.poincare,activation.dmelu,,0.00051202404,0.056779042,,6.413385e-05,2306,0.01,0.0001,20,2,,,10
2307,model_type.poincare,activation.dmelu,,0.0005132697,0.056917172,,6.4124884e-05,2307,0.01,0.0001,20,2,,,10
2308,model_type.poincare,activation.dmelu,,0.0005120418,0.05678101,,6.4100976e-05,2308,0.01,0.0001,20,2,,,10
2309,model_type.poincare,activation.dmelu,,0.00051257847,0.05684052,,6.40828e-05,2309,0.01,0.0001,20,2,,,10
2310,model_type.poincare,activation.dmelu,,0.0005125225,0.056834318,,6.405833e-05,2310,0.01,0.0001,20,2,,,10
2311,model_type.poincare,activation.dmelu,,0.0005118074,0.056755017,,6.403939e-05,2311,0.01,0.0001,20,2,,,10
2312,model_type.poincare,activation.dmelu,,0.0005126958,0.056853533,,6.4026324e-05,2312,0.01,0.0001,20,2,,,10
2313,model_type.poincare,activation.dmelu,,0.00051160087,0.056732114,,6.400575e-05,2313,0.01,0.0001,20,2,,,10
2314,model_type.poincare,activation.dmelu,,0.0005123077,0.056810495,,6.399065e-05,2314,0.01,0.0001,20,2,,,10
2315,model_type.poincare,activation.dmelu,,0.0005118536,0.05676014,,6.396664e-05,2315,0.01,0.0001,20,2,,,10
2316,model_type.poincare,activation.dmelu,,0.0005116595,0.056738615,,6.394762e-05,2316,0.01,0.0001,20,2,,,10
2317,model_type.poincare,activation.dmelu,,0.0005120734,0.056784514,,6.393024e-05,2317,0.01,0.0001,20,2,,,10
2318,model_type.poincare,activation.dmelu,,0.00051129656,0.05669837,,6.3910455e-05,2318,0.01,0.0001,20,2,,,10
2319,model_type.poincare,activation.dmelu,,0.00051193737,0.05676943,,6.389657e-05,2319,0.01,0.0001,20,2,,,10
2320,model_type.poincare,activation.dmelu,,0.00051130087,0.056698848,,6.387488e-05,2320,0.01,0.0001,20,2,,,10
2321,model_type.poincare,activation.dmelu,,0.00051147497,0.056718152,,6.3856955e-05,2321,0.01,0.0001,20,2,,,10
2322,model_type.poincare,activation.dmelu,,0.00051147817,0.05671851,,6.383657e-05,2322,0.01,0.0001,20,2,,,10
2323,model_type.poincare,activation.dmelu,,0.0005110459,0.056670576,,6.381825e-05,2323,0.01,0.0001,20,2,,,10
2324,model_type.poincare,activation.dmelu,,0.0005114505,0.056715444,,6.380246e-05,2324,0.01,0.0001,20,2,,,10
2325,model_type.poincare,activation.dmelu,,0.00051090546,0.056655,,6.378289e-05,2325,0.01,0.0001,20,2,,,10
2326,model_type.poincare,activation.dmelu,,0.0005111732,0.05668469,,6.376632e-05,2326,0.01,0.0001,20,2,,,10
2327,model_type.poincare,activation.dmelu,,0.0005109103,0.056655537,,6.37446e-05,2327,0.01,0.0001,20,2,,,10
2328,model_type.poincare,activation.dmelu,,0.00051080284,0.05664362,,6.372611e-05,2328,0.01,0.0001,20,2,,,10
2329,model_type.poincare,activation.dmelu,,0.00051093317,0.05665807,,6.370811e-05,2329,0.01,0.0001,20,2,,,10
2330,model_type.poincare,activation.dmelu,,0.00051053107,0.056613483,,6.368961e-05,2330,0.01,0.0001,20,2,,,10
2331,model_type.poincare,activation.dmelu,,0.00051078905,0.05664209,,6.3672895e-05,2331,0.01,0.0001,20,2,,,10
2332,model_type.poincare,activation.dmelu,,0.0005104093,0.05659998,,6.365277e-05,2332,0.01,0.0001,20,2,,,10
2333,model_type.poincare,activation.dmelu,,0.00051050686,0.056610797,,6.363504e-05,2333,0.01,0.0001,20,2,,,10
2334,model_type.poincare,activation.dmelu,,0.0005103863,0.05659743,,6.3615276e-05,2334,0.01,0.0001,20,2,,,10
2335,model_type.poincare,activation.dmelu,,0.00051019393,0.056576096,,6.359639e-05,2335,0.01,0.0001,20,2,,,10
2336,model_type.poincare,activation.dmelu,,0.00051032624,0.05659077,,6.357896e-05,2336,0.01,0.0001,20,2,,,10
2337,model_type.poincare,activation.dmelu,,0.00050996064,0.056550227,,6.3558815e-05,2337,0.01,0.0001,20,2,,,10
2338,model_type.poincare,activation.dmelu,,0.00051016116,0.056572463,,6.3541775e-05,2338,0.01,0.0001,20,2,,,10
2339,model_type.poincare,activation.dmelu,,0.00050981896,0.056534518,,6.3521176e-05,2339,0.01,0.0001,20,2,,,10
2340,model_type.poincare,activation.dmelu,,0.0005099193,0.056545645,,6.350342e-05,2340,0.01,0.0001,20,2,,,10
2341,model_type.poincare,activation.dmelu,,0.00050974987,0.056526855,,6.3484105e-05,2341,0.01,0.0001,20,2,,,10
2342,model_type.poincare,activation.dmelu,,0.00050963677,0.05651431,,6.346511e-05,2342,0.01,0.0001,20,2,,,10
2343,model_type.poincare,activation.dmelu,,0.0005096636,0.056517288,,6.3445914e-05,2343,0.01,0.0001,20,2,,,10
2344,model_type.poincare,activation.dmelu,,0.0005094,0.056488056,,6.342645e-05,2344,0.01,0.0001,20,2,,,10
2345,model_type.poincare,activation.dmelu,,0.0005095234,0.05650174,,6.34086e-05,2345,0.01,0.0001,20,2,,,10
2346,model_type.poincare,activation.dmelu,,0.00050923077,0.05646929,,6.338832e-05,2346,0.01,0.0001,20,2,,,10
2347,model_type.poincare,activation.dmelu,,0.0005093178,0.05647894,,6.3369895e-05,2347,0.01,0.0001,20,2,,,10
2348,model_type.poincare,activation.dmelu,,0.00050911086,0.056455996,,6.335026e-05,2348,0.01,0.0001,20,2,,,10
2349,model_type.poincare,activation.dmelu,,0.0005090769,0.05645223,,6.333099e-05,2349,0.01,0.0001,20,2,,,10
2350,model_type.poincare,activation.dmelu,,0.0005090053,0.056444284,,6.331152e-05,2350,0.01,0.0001,20,2,,,10
2351,model_type.poincare,activation.dmelu,,0.00050884334,0.056426328,,6.329223e-05,2351,0.01,0.0001,20,2,,,10
2352,model_type.poincare,activation.dmelu,,0.0005088819,0.0564306,,6.3273175e-05,2352,0.01,0.0001,20,2,,,10
2353,model_type.poincare,activation.dmelu,,0.0005086387,0.056403633,,6.325312e-05,2353,0.01,0.0001,20,2,,,10
2354,model_type.poincare,activation.dmelu,,0.000508718,0.056412432,,6.323426e-05,2354,0.01,0.0001,20,2,,,10
2355,model_type.poincare,activation.dmelu,,0.0005084683,0.056384742,,6.321454e-05,2355,0.01,0.0001,20,2,,,10
2356,model_type.poincare,activation.dmelu,,0.0005085323,0.056391835,,6.3195985e-05,2356,0.01,0.0001,20,2,,,10
2357,model_type.poincare,activation.dmelu,,0.00050831493,0.056367733,,6.317569e-05,2357,0.01,0.0001,20,2,,,10
2358,model_type.poincare,activation.dmelu,,0.00050833524,0.056369986,,6.315612e-05,2358,0.01,0.0001,20,2,,,10
2359,model_type.poincare,activation.dmelu,,0.0005081642,0.056351013,,6.3136555e-05,2359,0.01,0.0001,20,2,,,10
2360,model_type.poincare,activation.dmelu,,0.000508137,0.056348,,6.311694e-05,2360,0.01,0.0001,20,2,,,10
2361,model_type.poincare,activation.dmelu,,0.00050800905,0.056333814,,6.309737e-05,2361,0.01,0.0001,20,2,,,10
2362,model_type.poincare,activation.dmelu,,0.0005079589,0.05632825,,6.307848e-05,2362,0.01,0.0001,20,2,,,10
2363,model_type.poincare,activation.dmelu,,0.00050783146,0.05631412,,6.3059495e-05,2363,0.01,0.0001,20,2,,,10
2364,model_type.poincare,activation.dmelu,,0.00050780305,0.05631097,,6.3040905e-05,2364,0.01,0.0001,20,2,,,10
2365,model_type.poincare,activation.dmelu,,0.00050763047,0.05629183,,6.3022926e-05,2365,0.01,0.0001,20,2,,,10
2366,model_type.poincare,activation.dmelu,,0.0005076806,0.056297388,,6.3006024e-05,2366,0.01,0.0001,20,2,,,10
2367,model_type.poincare,activation.dmelu,,0.00050740584,0.056266923,,6.299089e-05,2367,0.01,0.0001,20,2,,,10
2368,model_type.poincare,activation.dmelu,,0.0005076055,0.056289062,,6.297874e-05,2368,0.01,0.0001,20,2,,,10
2369,model_type.poincare,activation.dmelu,,0.00050715636,0.05623926,,6.297447e-05,2369,0.01,0.0001,20,2,,,10
2370,model_type.poincare,activation.dmelu,,0.0005076296,0.056291733,,6.29788e-05,2370,0.01,0.0001,20,2,,,10
2371,model_type.poincare,activation.dmelu,,0.0005068918,0.05620992,,6.300185e-05,2371,0.01,0.0001,20,2,,,10
2372,model_type.poincare,activation.dmelu,,0.0005078875,0.056320336,,6.305854e-05,2372,0.01,0.0001,20,2,,,10
2373,model_type.poincare,activation.dmelu,,0.0005067047,0.05618917,,6.317592e-05,2373,0.01,0.0001,20,2,,,10
2374,model_type.poincare,activation.dmelu,,0.0005087583,0.0564169,,6.340355e-05,2374,0.01,0.0001,20,2,,,10
2375,model_type.poincare,activation.dmelu,,0.0005069996,0.056221876,,6.383759e-05,2375,0.01,0.0001,20,2,,,10
2376,model_type.poincare,activation.dmelu,,0.0005114494,0.05671532,,6.465603e-05,2376,0.01,0.0001,20,2,,,10
2377,model_type.poincare,activation.dmelu,,0.0005094532,0.056493953,,6.620126e-05,2377,0.01,0.0001,20,2,,,10
2378,model_type.poincare,activation.dmelu,,0.0005200742,0.057671737,,6.912558e-05,2378,0.01,0.0001,20,2,,,10
2379,model_type.poincare,activation.dmelu,,0.0005206199,0.057732247,,7.468108e-05,2379,0.01,0.0001,20,2,,,10
2380,model_type.poincare,activation.dmelu,,0.00054894283,0.060873017,,8.5272695e-05,2380,0.01,0.0001,20,2,,,10
2381,model_type.poincare,activation.dmelu,,0.0005647,0.06262035,,0.00010538034,2381,0.01,0.0001,20,2,,,10
2382,model_type.poincare,activation.dmelu,,0.00064446573,0.07146568,,0.00014323038,2382,0.01,0.0001,20,2,,,10
2383,model_type.poincare,activation.dmelu,,0.0007115972,0.07890998,,0.00021189258,2383,0.01,0.0001,20,2,,,10
2384,model_type.poincare,activation.dmelu,,0.0008977902,0.09955717,,0.00032929063,2384,0.01,0.0001,20,2,,,10
2385,model_type.poincare,activation.dmelu,,0.0009994839,0.11083412,,0.00050158176,2385,0.01,0.0001,20,2,,,10
2386,model_type.poincare,activation.dmelu,,0.0011513021,0.12766945,,0.0006954897,2386,0.01,0.0001,20,2,,,10
2387,model_type.poincare,activation.dmelu,,0.0009515926,0.10552339,,0.0007863833,2387,0.01,0.0001,20,2,,,10
2388,model_type.poincare,activation.dmelu,,0.00082864147,0.09188918,,0.00066335755,2388,0.01,0.0001,20,2,,,10
2389,model_type.poincare,activation.dmelu,,0.0005583307,0.061914045,,0.00037841516,2389,0.01,0.0001,20,2,,,10
2390,model_type.poincare,activation.dmelu,,0.000698805,0.07749143,,0.00019680374,2390,0.01,0.0001,20,2,,,10
2391,model_type.poincare,activation.dmelu,,0.0007250735,0.080404386,,0.00024098111,2391,0.01,0.0001,20,2,,,10
2392,model_type.poincare,activation.dmelu,,0.00075458724,0.0836772,,0.00035469024,2392,0.01,0.0001,20,2,,,10
2393,model_type.poincare,activation.dmelu,,0.00061813,0.068545274,,0.0003188234,2393,0.01,0.0001,20,2,,,10
2394,model_type.poincare,activation.dmelu,,0.0005523177,0.06124726,,0.00017775236,2394,0.01,0.0001,20,2,,,10
2395,model_type.poincare,activation.dmelu,,0.00064229424,0.07122488,,0.00013057976,2395,0.01,0.0001,20,2,,,10
2396,model_type.poincare,activation.dmelu,,0.00063163124,0.070042446,,0.00019853874,2396,0.01,0.0001,20,2,,,10
2397,model_type.poincare,activation.dmelu,,0.00063128374,0.07000391,,0.00022792396,2397,0.01,0.0001,20,2,,,10
2398,model_type.poincare,activation.dmelu,,0.0005505035,0.06104608,,0.00016857118,2398,0.01,0.0001,20,2,,,10
2399,model_type.poincare,activation.dmelu,,0.0005907943,0.06551398,,0.00012812774,2399,0.01,0.0001,20,2,,,10
2400,model_type.poincare,activation.dmelu,,0.0005864505,0.065032296,,0.00014505992,2400,0.01,0.0001,20,2,,,10
2401,model_type.poincare,activation.dmelu,,0.00055274554,0.0612947,,0.00015023492,2401,0.01,0.0001,20,2,,,10
2402,model_type.poincare,activation.dmelu,,0.0005709983,0.063318774,,0.00012211139,2402,0.01,0.0001,20,2,,,10
2403,model_type.poincare,activation.dmelu,,0.0005498668,0.060975477,,0.00011135233,2403,0.01,0.0001,20,2,,,10
2404,model_type.poincare,activation.dmelu,,0.0005797752,0.06429206,,0.00012768238,2404,0.01,0.0001,20,2,,,10
2405,model_type.poincare,activation.dmelu,,0.0005332722,0.05913528,,0.00012619962,2405,0.01,0.0001,20,2,,,10
2406,model_type.poincare,activation.dmelu,,0.00053608336,0.059447013,,0.00010038223,2406,0.01,0.0001,20,2,,,10
2407,model_type.poincare,activation.dmelu,,0.00055344007,0.06137172,,8.918176e-05,2407,0.01,0.0001,20,2,,,10
2408,model_type.poincare,activation.dmelu,,0.0005323921,0.059037685,,0.00010338505,2408,0.01,0.0001,20,2,,,10
2409,model_type.poincare,activation.dmelu,,0.00055556925,0.061607827,,0.000109699584,2409,0.01,0.0001,20,2,,,10
2410,model_type.poincare,activation.dmelu,,0.00051238074,0.056818593,,9.272664e-05,2410,0.01,0.0001,20,2,,,10
2411,model_type.poincare,activation.dmelu,,0.0005319201,0.058985345,,8.0594786e-05,2411,0.01,0.0001,20,2,,,10
2412,model_type.poincare,activation.dmelu,,0.00054310897,0.06022609,,8.9272595e-05,2412,0.01,0.0001,20,2,,,10
2413,model_type.poincare,activation.dmelu,,0.00051291776,0.056878146,,9.488848e-05,2413,0.01,0.0001,20,2,,,10
2414,model_type.poincare,activation.dmelu,,0.00052850053,0.05860614,,8.247732e-05,2414,0.01,0.0001,20,2,,,10
2415,model_type.poincare,activation.dmelu,,0.0005173877,0.057373825,,7.444171e-05,2415,0.01,0.0001,20,2,,,10
2416,model_type.poincare,activation.dmelu,,0.000526474,0.058381412,,8.303539e-05,2416,0.01,0.0001,20,2,,,10
2417,model_type.poincare,activation.dmelu,,0.00051733485,0.05736796,,8.6490625e-05,2417,0.01,0.0001,20,2,,,10
2418,model_type.poincare,activation.dmelu,,0.0005090768,0.05645222,,7.594689e-05,2418,0.01,0.0001,20,2,,,10
2419,model_type.poincare,activation.dmelu,,0.0005173384,0.057368357,,7.032406e-05,2419,0.01,0.0001,20,2,,,10
2420,model_type.poincare,activation.dmelu,,0.00051495986,0.0571046,,7.641012e-05,2420,0.01,0.0001,20,2,,,10
2421,model_type.poincare,activation.dmelu,,0.0005125123,0.05683318,,7.840509e-05,2421,0.01,0.0001,20,2,,,10
2422,model_type.poincare,activation.dmelu,,0.00050283363,0.055759903,,7.209178e-05,2422,0.01,0.0001,20,2,,,10
2423,model_type.poincare,activation.dmelu,,0.00051605277,0.05722579,,7.007962e-05,2423,0.01,0.0001,20,2,,,10
2424,model_type.poincare,activation.dmelu,,0.00050457346,0.055952836,,7.32791e-05,2424,0.01,0.0001,20,2,,,10
2425,model_type.poincare,activation.dmelu,,0.00050433906,0.05592684,,7.2148665e-05,2425,0.01,0.0001,20,2,,,10
2426,model_type.poincare,activation.dmelu,,0.0005078755,0.056319006,,6.7780216e-05,2426,0.01,0.0001,20,2,,,10
2427,model_type.poincare,activation.dmelu,,0.00049951725,0.055392146,,6.815855e-05,2427,0.01,0.0001,20,2,,,10
2428,model_type.poincare,activation.dmelu,,0.00050976174,0.05652817,,7.114853e-05,2428,0.01,0.0001,20,2,,,10
2429,model_type.poincare,activation.dmelu,,0.0004966113,0.0550699,,6.973294e-05,2429,0.01,0.0001,20,2,,,10
2430,model_type.poincare,activation.dmelu,,0.0005017911,0.055644292,,6.613359e-05,2430,0.01,0.0001,20,2,,,10
2431,model_type.poincare,activation.dmelu,,0.00050165586,0.055629298,,6.611797e-05,2431,0.01,0.0001,20,2,,,10
2432,model_type.poincare,activation.dmelu,,0.00049859413,0.05528978,,6.8302754e-05,2432,0.01,0.0001,20,2,,,10
2433,model_type.poincare,activation.dmelu,,0.0004995033,0.055390596,,6.7561974e-05,2433,0.01,0.0001,20,2,,,10
2434,model_type.poincare,activation.dmelu,,0.0004941235,0.054794025,,6.496841e-05,2434,0.01,0.0001,20,2,,,10
2435,model_type.poincare,activation.dmelu,,0.00050127174,0.055586703,,6.488312e-05,2435,0.01,0.0001,20,2,,,10
2436,model_type.poincare,activation.dmelu,,0.00049455033,0.05484136,,6.65274e-05,2436,0.01,0.0001,20,2,,,10
2437,model_type.poincare,activation.dmelu,,0.0004975939,0.055178862,,6.638693e-05,2437,0.01,0.0001,20,2,,,10
2438,model_type.poincare,activation.dmelu,,0.00049280364,0.054647665,,6.443662e-05,2438,0.01,0.0001,20,2,,,10
2439,model_type.poincare,activation.dmelu,,0.0004952949,0.054923926,,6.3804335e-05,2439,0.01,0.0001,20,2,,,10
2440,model_type.poincare,activation.dmelu,,0.00049597246,0.05499906,,6.4772015e-05,2440,0.01,0.0001,20,2,,,10
2441,model_type.poincare,activation.dmelu,,0.0004911335,0.05446246,,6.495833e-05,2441,0.01,0.0001,20,2,,,10
2442,model_type.poincare,activation.dmelu,,0.00049616676,0.055020604,,6.3944535e-05,2442,0.01,0.0001,20,2,,,10
2443,model_type.poincare,activation.dmelu,,0.00048995,0.05433122,,6.349617e-05,2443,0.01,0.0001,20,2,,,10
2444,model_type.poincare,activation.dmelu,,0.0004952171,0.054915298,,6.4086664e-05,2444,0.01,0.0001,20,2,,,10
2445,model_type.poincare,activation.dmelu,,0.00049061305,0.054404747,,6.414318e-05,2445,0.01,0.0001,20,2,,,10
2446,model_type.poincare,activation.dmelu,,0.00049204903,0.054563984,,6.33641e-05,2446,0.01,0.0001,20,2,,,10
2447,model_type.poincare,activation.dmelu,,0.0004919406,0.05455196,,6.292115e-05,2447,0.01,0.0001,20,2,,,10
2448,model_type.poincare,activation.dmelu,,0.00049020397,0.054359384,,6.3311156e-05,2448,0.01,0.0001,20,2,,,10
2449,model_type.poincare,activation.dmelu,,0.0004923482,0.05459716,,6.351208e-05,2449,0.01,0.0001,20,2,,,10
2450,model_type.poincare,activation.dmelu,,0.00048883795,0.054207902,,6.30114e-05,2450,0.01,0.0001,20,2,,,10
2451,model_type.poincare,activation.dmelu,,0.00049168465,0.05452358,,6.2620195e-05,2451,0.01,0.0001,20,2,,,10
2452,model_type.poincare,activation.dmelu,,0.00048935786,0.05426556,,6.281157e-05,2452,0.01,0.0001,20,2,,,10
2453,model_type.poincare,activation.dmelu,,0.0004906906,0.054413345,,6.308504e-05,2453,0.01,0.0001,20,2,,,10
2454,model_type.poincare,activation.dmelu,,0.0004887189,0.054194704,,6.284953e-05,2454,0.01,0.0001,20,2,,,10
2455,model_type.poincare,activation.dmelu,,0.000490256,0.054365154,,6.247333e-05,2455,0.01,0.0001,20,2,,,10
2456,model_type.poincare,activation.dmelu,,0.0004884198,0.054161534,,6.239689e-05,2456,0.01,0.0001,20,2,,,10
2457,model_type.poincare,activation.dmelu,,0.0004898872,0.054324254,,6.25555e-05,2457,0.01,0.0001,20,2,,,10
2458,model_type.poincare,activation.dmelu,,0.0004885277,0.0541735,,6.2524196e-05,2458,0.01,0.0001,20,2,,,10
2459,model_type.poincare,activation.dmelu,,0.0004885212,0.054172777,,6.2310326e-05,2459,0.01,0.0001,20,2,,,10
2460,model_type.poincare,activation.dmelu,,0.00048923906,0.054252382,,6.2199506e-05,2460,0.01,0.0001,20,2,,,10
2461,model_type.poincare,activation.dmelu,,0.00048749603,0.054059096,,6.2249695e-05,2461,0.01,0.0001,20,2,,,10
2462,model_type.poincare,activation.dmelu,,0.0004898879,0.054324333,,6.2291816e-05,2462,0.01,0.0001,20,2,,,10
2463,model_type.poincare,activation.dmelu,,0.0004868091,0.05398292,,6.2181454e-05,2463,0.01,0.0001,20,2,,,10
2464,model_type.poincare,activation.dmelu,,0.0004893353,0.05426305,,6.2066734e-05,2464,0.01,0.0001,20,2,,,10
2465,model_type.poincare,activation.dmelu,,0.00048731192,0.05403868,,6.20478e-05,2465,0.01,0.0001,20,2,,,10
2466,model_type.poincare,activation.dmelu,,0.0004888276,0.054206755,,6.2095976e-05,2466,0.01,0.0001,20,2,,,10
2467,model_type.poincare,activation.dmelu,,0.00048735418,0.054043368,,6.2047766e-05,2467,0.01,0.0001,20,2,,,10
2468,model_type.poincare,activation.dmelu,,0.00048863713,0.054185636,,6.195253e-05,2468,0.01,0.0001,20,2,,,10
2469,model_type.poincare,activation.dmelu,,0.00048701168,0.054005384,,6.1867504e-05,2469,0.01,0.0001,20,2,,,10
2470,model_type.poincare,activation.dmelu,,0.0004886637,0.05418858,,6.1878476e-05,2470,0.01,0.0001,20,2,,,10
2471,model_type.poincare,activation.dmelu,,0.0004871813,0.054024197,,6.188106e-05,2471,0.01,0.0001,20,2,,,10
2472,model_type.poincare,activation.dmelu,,0.0004880939,0.054125395,,6.183944e-05,2472,0.01,0.0001,20,2,,,10
2473,model_type.poincare,activation.dmelu,,0.0004875453,0.05406456,,6.1770435e-05,2473,0.01,0.0001,20,2,,,10
2474,model_type.poincare,activation.dmelu,,0.00048758968,0.05406948,,6.1733306e-05,2474,0.01,0.0001,20,2,,,10
2475,model_type.poincare,activation.dmelu,,0.00048765028,0.054076202,,6.1723906e-05,2475,0.01,0.0001,20,2,,,10
2476,model_type.poincare,activation.dmelu,,0.00048751952,0.0540617,,6.1711835e-05,2476,0.01,0.0001,20,2,,,10
2477,model_type.poincare,activation.dmelu,,0.0004873602,0.054044034,,6.167144e-05,2477,0.01,0.0001,20,2,,,10
2478,model_type.poincare,activation.dmelu,,0.00048768282,0.05407981,,6.163956e-05,2478,0.01,0.0001,20,2,,,10
2479,model_type.poincare,activation.dmelu,,0.0004870869,0.054013725,,6.161849e-05,2479,0.01,0.0001,20,2,,,10
2480,model_type.poincare,activation.dmelu,,0.00048741998,0.05405066,,6.160418e-05,2480,0.01,0.0001,20,2,,,10
2481,model_type.poincare,activation.dmelu,,0.00048731783,0.054039337,,6.158237e-05,2481,0.01,0.0001,20,2,,,10
2482,model_type.poincare,activation.dmelu,,0.00048694861,0.053998392,,6.155097e-05,2482,0.01,0.0001,20,2,,,10
2483,model_type.poincare,activation.dmelu,,0.00048745406,0.054054443,,6.152791e-05,2483,0.01,0.0001,20,2,,,10
2484,model_type.poincare,activation.dmelu,,0.00048667262,0.05396779,,6.150694e-05,2484,0.01,0.0001,20,2,,,10
2485,model_type.poincare,activation.dmelu,,0.0004873461,0.05404247,,6.149394e-05,2485,0.01,0.0001,20,2,,,10
2486,model_type.poincare,activation.dmelu,,0.00048658,0.053957514,,6.147225e-05,2486,0.01,0.0001,20,2,,,10
2487,model_type.poincare,activation.dmelu,,0.00048722207,0.054028716,,6.145341e-05,2487,0.01,0.0001,20,2,,,10
2488,model_type.poincare,activation.dmelu,,0.0004863763,0.053934928,,6.142959e-05,2488,0.01,0.0001,20,2,,,10
2489,model_type.poincare,activation.dmelu,,0.0004872592,0.054032836,,6.141304e-05,2489,0.01,0.0001,20,2,,,10
2490,model_type.poincare,activation.dmelu,,0.0004860046,0.05389371,,6.139197e-05,2490,0.01,0.0001,20,2,,,10
2491,model_type.poincare,activation.dmelu,,0.00048745118,0.054054122,,6.13842e-05,2491,0.01,0.0001,20,2,,,10
2492,model_type.poincare,activation.dmelu,,0.00048548565,0.053836163,,6.136369e-05,2492,0.01,0.0001,20,2,,,10
2493,model_type.poincare,activation.dmelu,,0.00048791617,0.054105688,,6.136719e-05,2493,0.01,0.0001,20,2,,,10
2494,model_type.poincare,activation.dmelu,,0.00048471752,0.053750984,,6.135411e-05,2494,0.01,0.0001,20,2,,,10
2495,model_type.poincare,activation.dmelu,,0.0004887053,0.05419319,,6.13845e-05,2495,0.01,0.0001,20,2,,,10
2496,model_type.poincare,activation.dmelu,,0.00048356582,0.05362327,,6.140157e-05,2496,0.01,0.0001,20,2,,,10
2497,model_type.poincare,activation.dmelu,,0.00049037935,0.05437883,,6.150557e-05,2497,0.01,0.0001,20,2,,,10
2498,model_type.poincare,activation.dmelu,,0.00048170096,0.053416472,,6.1623046e-05,2498,0.01,0.0001,20,2,,,10
2499,model_type.poincare,activation.dmelu,,0.0004937284,0.05475021,,6.1944265e-05,2499,0.01,0.0001,20,2,,,10
2500,model_type.poincare,activation.dmelu,,0.00047892964,0.053109158,,6.239777e-05,2500,0.01,0.0001,20,2,,,10
2501,model_type.poincare,activation.dmelu,,0.000500896,0.05554504,,6.3410385e-05,2501,0.01,0.0001,20,2,,,10
2502,model_type.poincare,activation.dmelu,,0.00047556794,0.052736375,,6.502781e-05,2502,0.01,0.0001,20,2,,,10
2503,model_type.poincare,activation.dmelu,,0.00051767036,0.05740517,,6.835629e-05,2503,0.01,0.0001,20,2,,,10
2504,model_type.poincare,activation.dmelu,,0.0004753288,0.052709855,,7.409759e-05,2504,0.01,0.0001,20,2,,,10
2505,model_type.poincare,activation.dmelu,,0.0005609533,0.06220487,,8.550502e-05,2505,0.01,0.0001,20,2,,,10
2506,model_type.poincare,activation.dmelu,,0.00049651024,0.055058695,,0.000106000996,2506,0.01,0.0001,20,2,,,10
2507,model_type.poincare,activation.dmelu,,0.00068109226,0.07552724,,0.00014571408,2507,0.01,0.0001,20,2,,,10
2508,model_type.poincare,activation.dmelu,,0.00060417294,0.06699756,,0.000216241,2508,0.01,0.0001,20,2,,,10
2509,model_type.poincare,activation.dmelu,,0.0009876309,0.109519735,,0.0003435196,2509,0.01,0.0001,20,2,,,10
2510,model_type.poincare,activation.dmelu,,0.00089347886,0.09907908,,0.00053821964,2510,0.01,0.0001,20,2,,,10
2511,model_type.poincare,activation.dmelu,,0.0013870533,0.15381221,,0.00080120267,2511,0.01,0.0001,20,2,,,10
2512,model_type.poincare,activation.dmelu,,0.0009825709,0.108958624,,0.0009888452,2512,0.01,0.0001,20,2,,,10
2513,model_type.poincare,activation.dmelu,,0.0010138759,0.11243008,,0.00095039065,2513,0.01,0.0001,20,2,,,10
2514,model_type.poincare,activation.dmelu,,0.00054826395,0.060797732,,0.00057847385,2514,0.01,0.0001,20,2,,,10
2515,model_type.poincare,activation.dmelu,,0.0005434227,0.06026088,,0.00021589287,2515,0.01,0.0001,20,2,,,10
2516,model_type.poincare,activation.dmelu,,0.00082241895,0.09119915,,0.00016435402,2516,0.01,0.0001,20,2,,,10
2517,model_type.poincare,activation.dmelu,,0.0006403223,0.07100621,,0.00034284423,2517,0.01,0.0001,20,2,,,10
2518,model_type.poincare,activation.dmelu,,0.0007294055,0.08088476,,0.00041554045,2518,0.01,0.0001,20,2,,,10
2519,model_type.poincare,activation.dmelu,,0.0005479264,0.060760304,,0.0002607479,2519,0.01,0.0001,20,2,,,10
2520,model_type.poincare,activation.dmelu,,0.0005614058,0.06225505,,0.00014533529,2520,0.01,0.0001,20,2,,,10
2521,model_type.poincare,activation.dmelu,,0.0007541185,0.08362522,,0.00021226566,2521,0.01,0.0001,20,2,,,10
2522,model_type.poincare,activation.dmelu,,0.0005175455,0.057391323,,0.00027031635,2522,0.01,0.0001,20,2,,,10
2523,model_type.poincare,activation.dmelu,,0.00054713996,0.06067309,,0.00018599085,2523,0.01,0.0001,20,2,,,10
2524,model_type.poincare,activation.dmelu,,0.0006256259,0.069376506,,0.00010923586,2524,0.01,0.0001,20,2,,,10
2525,model_type.poincare,activation.dmelu,,0.000549264,0.060908634,,0.0001650215,2525,0.01,0.0001,20,2,,,10
2526,model_type.poincare,activation.dmelu,,0.0006005085,0.066591196,,0.00021012101,2526,0.01,0.0001,20,2,,,10
2527,model_type.poincare,activation.dmelu,,0.0005037813,0.055864993,,0.00013552637,2527,0.01,0.0001,20,2,,,10
2528,model_type.poincare,activation.dmelu,,0.0005214627,0.057825707,,8.3019055e-05,2528,0.01,0.0001,20,2,,,10
2529,model_type.poincare,activation.dmelu,,0.00063305063,0.07019984,,0.00013785555,2529,0.01,0.0001,20,2,,,10
2530,model_type.poincare,activation.dmelu,,0.0004944436,0.05482952,,0.00016590413,2530,0.01,0.0001,20,2,,,10
2531,model_type.poincare,activation.dmelu,,0.0004936296,0.054739255,,0.00010409939,2531,0.01,0.0001,20,2,,,10
2532,model_type.poincare,activation.dmelu,,0.00057887076,0.064191766,,7.459987e-05,2532,0.01,0.0001,20,2,,,10
2533,model_type.poincare,activation.dmelu,,0.0005120966,0.05678709,,0.00012098336,2533,0.01,0.0001,20,2,,,10
2534,model_type.poincare,activation.dmelu,,0.000525303,0.058251563,,0.0001320192,2534,0.01,0.0001,20,2,,,10
2535,model_type.poincare,activation.dmelu,,0.0005177379,0.057412654,,8.422784e-05,2535,0.01,0.0001,20,2,,,10
2536,model_type.poincare,activation.dmelu,,0.0004946451,0.054851867,,7.5695534e-05,2536,0.01,0.0001,20,2,,,10
2537,model_type.poincare,activation.dmelu,,0.0005537388,0.061404847,,0.00010870403,2537,0.01,0.0001,20,2,,,10
2538,model_type.poincare,activation.dmelu,,0.0004944558,0.054830875,,0.00010335592,2538,0.01,0.0001,20,2,,,10
2539,model_type.poincare,activation.dmelu,,0.00048219174,0.053470895,,7.402705e-05,2539,0.01,0.0001,20,2,,,10
2540,model_type.poincare,activation.dmelu,,0.00054850074,0.060823992,,7.918081e-05,2540,0.01,0.0001,20,2,,,10
2541,model_type.poincare,activation.dmelu,,0.00048564185,0.053853486,,9.5710035e-05,2541,0.01,0.0001,20,2,,,10
2542,model_type.poincare,activation.dmelu,,0.00049070345,0.05441477,,8.398239e-05,2542,0.01,0.0001,20,2,,,10
2543,model_type.poincare,activation.dmelu,,0.00052402925,0.058110315,,7.029673e-05,2543,0.01,0.0001,20,2,,,10
2544,model_type.poincare,activation.dmelu,,0.00047890467,0.05310639,,7.981075e-05,2544,0.01,0.0001,20,2,,,10
2545,model_type.poincare,activation.dmelu,,0.00050928065,0.056474824,,8.523504e-05,2545,0.01,0.0001,20,2,,,10
2546,model_type.poincare,activation.dmelu,,0.0004979535,0.055218738,,7.283572e-05,2546,0.01,0.0001,20,2,,,10
2547,model_type.poincare,activation.dmelu,,0.0004745589,0.052624483,,6.898281e-05,2547,0.01,0.0001,20,2,,,10
2548,model_type.poincare,activation.dmelu,,0.00051907316,0.057560727,,7.7833174e-05,2548,0.01,0.0001,20,2,,,10
2549,model_type.poincare,activation.dmelu,,0.00048079644,0.05331617,,7.704246e-05,2549,0.01,0.0001,20,2,,,10
2550,model_type.poincare,activation.dmelu,,0.00047927455,0.053147405,,6.796763e-05,2550,0.01,0.0001,20,2,,,10
2551,model_type.poincare,activation.dmelu,,0.00051128457,0.05669704,,6.7796114e-05,2551,0.01,0.0001,20,2,,,10
2552,model_type.poincare,activation.dmelu,,0.0004733791,0.05249365,,7.3753064e-05,2552,0.01,0.0001,20,2,,,10
2553,model_type.poincare,activation.dmelu,,0.0004911386,0.054463025,,7.2231574e-05,2553,0.01,0.0001,20,2,,,10
2554,model_type.poincare,activation.dmelu,,0.0004924205,0.05460518,,6.5946646e-05,2554,0.01,0.0001,20,2,,,10
2555,model_type.poincare,activation.dmelu,,0.00047237877,0.052382722,,6.628517e-05,2555,0.01,0.0001,20,2,,,10
2556,model_type.poincare,activation.dmelu,,0.00050016266,0.055463716,,7.015109e-05,2556,0.01,0.0001,20,2,,,10
2557,model_type.poincare,activation.dmelu,,0.00047749985,0.052950606,,6.881811e-05,2557,0.01,0.0001,20,2,,,10
2558,model_type.poincare,activation.dmelu,,0.00047596503,0.05278041,,6.5166576e-05,2558,0.01,0.0001,20,2,,,10
2559,model_type.poincare,activation.dmelu,,0.00049560395,0.054958194,,6.5162974e-05,2559,0.01,0.0001,20,2,,,10
2560,model_type.poincare,activation.dmelu,,0.0004715697,0.052293006,,6.715754e-05,2560,0.01,0.0001,20,2,,,10
2561,model_type.poincare,activation.dmelu,,0.00048388186,0.053658314,,6.664689e-05,2561,0.01,0.0001,20,2,,,10
2562,model_type.poincare,activation.dmelu,,0.00048370336,0.05363852,,6.436107e-05,2562,0.01,0.0001,20,2,,,10
2563,model_type.poincare,activation.dmelu,,0.0004707857,0.05220606,,6.4273234e-05,2563,0.01,0.0001,20,2,,,10
2564,model_type.poincare,activation.dmelu,,0.00048737603,0.05404579,,6.550807e-05,2564,0.01,0.0001,20,2,,,10
2565,model_type.poincare,activation.dmelu,,0.0004744536,0.052612804,,6.493546e-05,2565,0.01,0.0001,20,2,,,10
2566,model_type.poincare,activation.dmelu,,0.00047415332,0.052579504,,6.3547865e-05,2566,0.01,0.0001,20,2,,,10
2567,model_type.poincare,activation.dmelu,,0.00048370645,0.053638864,,6.353375e-05,2567,0.01,0.0001,20,2,,,10
2568,model_type.poincare,activation.dmelu,,0.00047027535,0.05214947,,6.436053e-05,2568,0.01,0.0001,20,2,,,10
2569,model_type.poincare,activation.dmelu,,0.00047796028,0.053001665,,6.4071195e-05,2569,0.01,0.0001,20,2,,,10
2570,model_type.poincare,activation.dmelu,,0.00047655523,0.052845854,,6.283395e-05,2570,0.01,0.0001,20,2,,,10
2571,model_type.poincare,activation.dmelu,,0.00047008018,0.05212783,,6.2757645e-05,2571,0.01,0.0001,20,2,,,10
2572,model_type.poincare,activation.dmelu,,0.00047969312,0.05319382,,6.3558895e-05,2572,0.01,0.0001,20,2,,,10
2573,model_type.poincare,activation.dmelu,,0.0004710701,0.0522376,,6.34125e-05,2573,0.01,0.0001,20,2,,,10
2574,model_type.poincare,activation.dmelu,,0.0004714391,0.052278522,,6.2544e-05,2574,0.01,0.0001,20,2,,,10
2575,model_type.poincare,activation.dmelu,,0.00047698343,0.05289334,,6.223642e-05,2575,0.01,0.0001,20,2,,,10
2576,model_type.poincare,activation.dmelu,,0.00046900808,0.05200894,,6.271521e-05,2576,0.01,0.0001,20,2,,,10
2577,model_type.poincare,activation.dmelu,,0.0004744049,0.052607402,,6.291176e-05,2577,0.01,0.0001,20,2,,,10
2578,model_type.poincare,activation.dmelu,,0.00047209716,0.052351493,,6.2328974e-05,2578,0.01,0.0001,20,2,,,10
2579,model_type.poincare,activation.dmelu,,0.00046877054,0.0519826,,6.197884e-05,2579,0.01,0.0001,20,2,,,10
2580,model_type.poincare,activation.dmelu,,0.00047527166,0.05270352,,6.219488e-05,2580,0.01,0.0001,20,2,,,10
2581,model_type.poincare,activation.dmelu,,0.00046866792,0.05197122,,6.232354e-05,2581,0.01,0.0001,20,2,,,10
2582,model_type.poincare,activation.dmelu,,0.00047119247,0.05225117,,6.212227e-05,2582,0.01,0.0001,20,2,,,10
2583,model_type.poincare,activation.dmelu,,0.000472499,0.052396055,,6.1822575e-05,2583,0.01,0.0001,20,2,,,10
2584,model_type.poincare,activation.dmelu,,0.00046742582,0.051833484,,6.183253e-05,2584,0.01,0.0001,20,2,,,10
2585,model_type.poincare,activation.dmelu,,0.00047346257,0.052502908,,6.197412e-05,2585,0.01,0.0001,20,2,,,10
2586,model_type.poincare,activation.dmelu,,0.00046882557,0.051988702,,6.184542e-05,2586,0.01,0.0001,20,2,,,10
2587,model_type.poincare,activation.dmelu,,0.0004692395,0.0520346,,6.166549e-05,2587,0.01,0.0001,20,2,,,10
2588,model_type.poincare,activation.dmelu,,0.00047242307,0.052387636,,6.15998e-05,2588,0.01,0.0001,20,2,,,10
2589,model_type.poincare,activation.dmelu,,0.00046701706,0.051788155,,6.164741e-05,2589,0.01,0.0001,20,2,,,10
2590,model_type.poincare,activation.dmelu,,0.0004717726,0.052315503,,6.167673e-05,2590,0.01,0.0001,20,2,,,10
2591,model_type.poincare,activation.dmelu,,0.00046920317,0.052030575,,6.152715e-05,2591,0.01,0.0001,20,2,,,10
2592,model_type.poincare,activation.dmelu,,0.00046838127,0.051939435,,6.141676e-05,2592,0.01,0.0001,20,2,,,10
2593,model_type.poincare,activation.dmelu,,0.00047170627,0.05230815,,6.141386e-05,2593,0.01,0.0001,20,2,,,10
2594,model_type.poincare,activation.dmelu,,0.000467155,0.051803455,,6.1436716e-05,2594,0.01,0.0001,20,2,,,10
2595,model_type.poincare,activation.dmelu,,0.00047073196,0.052200105,,6.1426676e-05,2595,0.01,0.0001,20,2,,,10
2596,model_type.poincare,activation.dmelu,,0.0004693113,0.052042566,,6.130959e-05,2596,0.01,0.0001,20,2,,,10
2597,model_type.poincare,activation.dmelu,,0.00046800237,0.051897418,,6.1243634e-05,2597,0.01,0.0001,20,2,,,10
2598,model_type.poincare,activation.dmelu,,0.00047099823,0.05222963,,6.125085e-05,2598,0.01,0.0001,20,2,,,10
2599,model_type.poincare,activation.dmelu,,0.00046754634,0.051846847,,6.124598e-05,2599,0.01,0.0001,20,2,,,10
2600,model_type.poincare,activation.dmelu,,0.00046986807,0.05210431,,6.121606e-05,2600,0.01,0.0001,20,2,,,10
2601,model_type.poincare,activation.dmelu,,0.00046925462,0.05203628,,6.113614e-05,2601,0.01,0.0001,20,2,,,10
2602,model_type.poincare,activation.dmelu,,0.0004680218,0.051899575,,6.1102866e-05,2602,0.01,0.0001,20,2,,,10
2603,model_type.poincare,activation.dmelu,,0.00047023172,0.052144635,,6.110681e-05,2603,0.01,0.0001,20,2,,,10
2604,model_type.poincare,activation.dmelu,,0.00046784803,0.051880304,,6.107962e-05,2604,0.01,0.0001,20,2,,,10
2605,model_type.poincare,activation.dmelu,,0.00046927633,0.05203869,,6.104261e-05,2605,0.01,0.0001,20,2,,,10
2606,model_type.poincare,activation.dmelu,,0.00046904178,0.05201268,,6.098916e-05,2606,0.01,0.0001,20,2,,,10
2607,model_type.poincare,activation.dmelu,,0.0004680121,0.051898494,,6.0971626e-05,2607,0.01,0.0001,20,2,,,10
2608,model_type.poincare,activation.dmelu,,0.00046961606,0.052076362,,6.096718e-05,2608,0.01,0.0001,20,2,,,10
2609,model_type.poincare,activation.dmelu,,0.00046793878,0.051890366,,6.093639e-05,2609,0.01,0.0001,20,2,,,10
2610,model_type.poincare,activation.dmelu,,0.0004687519,0.051980536,,6.090363e-05,2610,0.01,0.0001,20,2,,,10
2611,model_type.poincare,activation.dmelu,,0.00046883037,0.051989235,,6.0862152e-05,2611,0.01,0.0001,20,2,,,10
2612,model_type.poincare,activation.dmelu,,0.0004678591,0.05188153,,6.084356e-05,2612,0.01,0.0001,20,2,,,10
2613,model_type.poincare,activation.dmelu,,0.00046904487,0.05201302,,6.0832688e-05,2613,0.01,0.0001,20,2,,,10
2614,model_type.poincare,activation.dmelu,,0.00046787912,0.05188375,,6.0806033e-05,2614,0.01,0.0001,20,2,,,10
2615,model_type.poincare,activation.dmelu,,0.00046835985,0.05193706,,6.0782564e-05,2615,0.01,0.0001,20,2,,,10
2616,model_type.poincare,activation.dmelu,,0.0004684627,0.051948465,,6.0747494e-05,2616,0.01,0.0001,20,2,,,10
2617,model_type.poincare,activation.dmelu,,0.00046765784,0.05185921,,6.0724542e-05,2617,0.01,0.0001,20,2,,,10
2618,model_type.poincare,activation.dmelu,,0.00046862193,0.051966123,,6.0709033e-05,2618,0.01,0.0001,20,2,,,10
2619,model_type.poincare,activation.dmelu,,0.00046760018,0.05185282,,6.0683793e-05,2619,0.01,0.0001,20,2,,,10
2620,model_type.poincare,activation.dmelu,,0.0004681044,0.05190873,,6.0664403e-05,2620,0.01,0.0001,20,2,,,10
2621,model_type.poincare,activation.dmelu,,0.00046802478,0.051899903,,6.0633458e-05,2621,0.01,0.0001,20,2,,,10
2622,model_type.poincare,activation.dmelu,,0.0004674752,0.05183896,,6.0611077e-05,2622,0.01,0.0001,20,2,,,10
2623,model_type.poincare,activation.dmelu,,0.0004682366,0.05192339,,6.0593728e-05,2623,0.01,0.0001,20,2,,,10
2624,model_type.poincare,activation.dmelu,,0.00046728586,0.051817965,,6.056852e-05,2624,0.01,0.0001,20,2,,,10
2625,model_type.poincare,activation.dmelu,,0.00046792094,0.051888388,,6.055047e-05,2625,0.01,0.0001,20,2,,,10
2626,model_type.poincare,activation.dmelu,,0.00046753243,0.051845305,,6.052073e-05,2626,0.01,0.0001,20,2,,,10
2627,model_type.poincare,activation.dmelu,,0.00046739407,0.051829964,,6.0499184e-05,2627,0.01,0.0001,20,2,,,10
2628,model_type.poincare,activation.dmelu,,0.00046780065,0.051875047,,6.0479157e-05,2628,0.01,0.0001,20,2,,,10
2629,model_type.poincare,activation.dmelu,,0.00046703915,0.051790606,,6.0455422e-05,2629,0.01,0.0001,20,2,,,10
2630,model_type.poincare,activation.dmelu,,0.00046770755,0.051864725,,6.043734e-05,2630,0.01,0.0001,20,2,,,10
2631,model_type.poincare,activation.dmelu,,0.00046710332,0.05179772,,6.0410042e-05,2631,0.01,0.0001,20,2,,,10
2632,model_type.poincare,activation.dmelu,,0.00046731855,0.05182159,,6.0389946e-05,2632,0.01,0.0001,20,2,,,10
2633,model_type.poincare,activation.dmelu,,0.00046730405,0.05181998,,6.0365663e-05,2633,0.01,0.0001,20,2,,,10
2634,model_type.poincare,activation.dmelu,,0.00046692524,0.051777974,,6.03434e-05,2634,0.01,0.0001,20,2,,,10
2635,model_type.poincare,activation.dmelu,,0.00046735245,0.05182535,,6.0323022e-05,2635,0.01,0.0001,20,2,,,10
2636,model_type.poincare,activation.dmelu,,0.000466798,0.051763862,,6.0298284e-05,2636,0.01,0.0001,20,2,,,10
2637,model_type.poincare,activation.dmelu,,0.0004671321,0.051800914,,6.0278737e-05,2637,0.01,0.0001,20,2,,,10
2638,model_type.poincare,activation.dmelu,,0.0004668676,0.05177158,,6.0254064e-05,2638,0.01,0.0001,20,2,,,10
2639,model_type.poincare,activation.dmelu,,0.00046680102,0.051764198,,6.0232287e-05,2639,0.01,0.0001,20,2,,,10
2640,model_type.poincare,activation.dmelu,,0.00046692655,0.05177812,,6.0210274e-05,2640,0.01,0.0001,20,2,,,10
2641,model_type.poincare,activation.dmelu,,0.00046657326,0.05173894,,6.0187318e-05,2641,0.01,0.0001,20,2,,,10
2642,model_type.poincare,activation.dmelu,,0.0004668258,0.051766947,,6.0167167e-05,2642,0.01,0.0001,20,2,,,10
2643,model_type.poincare,activation.dmelu,,0.00046652957,0.051734097,,6.014294e-05,2643,0.01,0.0001,20,2,,,10
2644,model_type.poincare,activation.dmelu,,0.00046656697,0.051738244,,6.0121034e-05,2644,0.01,0.0001,20,2,,,10
2645,model_type.poincare,activation.dmelu,,0.00046654412,0.05173571,,6.0097675e-05,2645,0.01,0.0001,20,2,,,10
2646,model_type.poincare,activation.dmelu,,0.00046632977,0.051711943,,6.0075607e-05,2646,0.01,0.0001,20,2,,,10
2647,model_type.poincare,activation.dmelu,,0.00046649383,0.051730134,,6.0054135e-05,2647,0.01,0.0001,20,2,,,10
2648,model_type.poincare,activation.dmelu,,0.00046620215,0.05169779,,6.0030936e-05,2648,0.01,0.0001,20,2,,,10
2649,model_type.poincare,activation.dmelu,,0.00046630867,0.0517096,,6.0009155e-05,2649,0.01,0.0001,20,2,,,10
2650,model_type.poincare,activation.dmelu,,0.00046616892,0.051694103,,5.9985243e-05,2650,0.01,0.0001,20,2,,,10
2651,model_type.poincare,activation.dmelu,,0.00046608754,0.05168508,,5.9963517e-05,2651,0.01,0.0001,20,2,,,10
2652,model_type.poincare,activation.dmelu,,0.00046613338,0.05169016,,5.9940885e-05,2652,0.01,0.0001,20,2,,,10
2653,model_type.poincare,activation.dmelu,,0.0004659021,0.051664516,,5.9918162e-05,2653,0.01,0.0001,20,2,,,10
2654,model_type.poincare,activation.dmelu,,0.0004660363,0.051679395,,5.989605e-05,2654,0.01,0.0001,20,2,,,10
2655,model_type.poincare,activation.dmelu,,0.00046578876,0.051651947,,5.9872746e-05,2655,0.01,0.0001,20,2,,,10
2656,model_type.poincare,activation.dmelu,,0.00046586728,0.051660657,,5.9851456e-05,2656,0.01,0.0001,20,2,,,10
2657,model_type.poincare,activation.dmelu,,0.0004657297,0.0516454,,5.9827453e-05,2657,0.01,0.0001,20,2,,,10
2658,model_type.poincare,activation.dmelu,,0.0004656776,0.05163962,,5.9805232e-05,2658,0.01,0.0001,20,2,,,10
2659,model_type.poincare,activation.dmelu,,0.00046566664,0.051638406,,5.978261e-05,2659,0.01,0.0001,20,2,,,10
2660,model_type.poincare,activation.dmelu,,0.0004655022,0.05162017,,5.976038e-05,2660,0.01,0.0001,20,2,,,10
2661,model_type.poincare,activation.dmelu,,0.0004655744,0.05162818,,5.9737293e-05,2661,0.01,0.0001,20,2,,,10
2662,model_type.poincare,activation.dmelu,,0.00046537112,0.051605634,,5.9714654e-05,2662,0.01,0.0001,20,2,,,10
2663,model_type.poincare,activation.dmelu,,0.0004654381,0.051613063,,5.9692426e-05,2663,0.01,0.0001,20,2,,,10
2664,model_type.poincare,activation.dmelu,,0.0004652749,0.051594965,,5.9668786e-05,2664,0.01,0.0001,20,2,,,10
2665,model_type.poincare,activation.dmelu,,0.00046527342,0.0515948,,5.9646365e-05,2665,0.01,0.0001,20,2,,,10
2666,model_type.poincare,activation.dmelu,,0.00046518416,0.051584903,,5.9623537e-05,2666,0.01,0.0001,20,2,,,10
2667,model_type.poincare,activation.dmelu,,0.00046511993,0.05157778,,5.960079e-05,2667,0.01,0.0001,20,2,,,10
2668,model_type.poincare,activation.dmelu,,0.00046508157,0.051573526,,5.957817e-05,2668,0.01,0.0001,20,2,,,10
2669,model_type.poincare,activation.dmelu,,0.00046497965,0.051562224,,5.9554513e-05,2669,0.01,0.0001,20,2,,,10
2670,model_type.poincare,activation.dmelu,,0.00046495494,0.051559485,,5.953234e-05,2670,0.01,0.0001,20,2,,,10
2671,model_type.poincare,activation.dmelu,,0.00046486186,0.051549163,,5.950951e-05,2671,0.01,0.0001,20,2,,,10
2672,model_type.poincare,activation.dmelu,,0.00046480884,0.051543284,,5.948702e-05,2672,0.01,0.0001,20,2,,,10
2673,model_type.poincare,activation.dmelu,,0.00046476373,0.05153828,,5.9463902e-05,2673,0.01,0.0001,20,2,,,10
2674,model_type.poincare,activation.dmelu,,0.0004646483,0.05152548,,5.9441103e-05,2674,0.01,0.0001,20,2,,,10
2675,model_type.poincare,activation.dmelu,,0.0004646637,0.051527187,,5.9418246e-05,2675,0.01,0.0001,20,2,,,10
2676,model_type.poincare,activation.dmelu,,0.00046450042,0.051509082,,5.9395195e-05,2676,0.01,0.0001,20,2,,,10
2677,model_type.poincare,activation.dmelu,,0.00046455069,0.051514655,,5.937269e-05,2677,0.01,0.0001,20,2,,,10
2678,model_type.poincare,activation.dmelu,,0.00046436107,0.05149363,,5.93497e-05,2678,0.01,0.0001,20,2,,,10
2679,model_type.poincare,activation.dmelu,,0.0004644317,0.051501464,,5.932741e-05,2679,0.01,0.0001,20,2,,,10
2680,model_type.poincare,activation.dmelu,,0.00046422728,0.051478792,,5.9304246e-05,2680,0.01,0.0001,20,2,,,10
2681,model_type.poincare,activation.dmelu,,0.0004643081,0.051487755,,5.9281123e-05,2681,0.01,0.0001,20,2,,,10
2682,model_type.poincare,activation.dmelu,,0.00046409044,0.05146362,,5.925892e-05,2682,0.01,0.0001,20,2,,,10
2683,model_type.poincare,activation.dmelu,,0.0004641974,0.05147548,,5.9236434e-05,2683,0.01,0.0001,20,2,,,10
2684,model_type.poincare,activation.dmelu,,0.00046393625,0.05144652,,5.9213944e-05,2684,0.01,0.0001,20,2,,,10
2685,model_type.poincare,activation.dmelu,,0.00046410947,0.051465727,,5.9192007e-05,2685,0.01,0.0001,20,2,,,10
2686,model_type.poincare,activation.dmelu,,0.00046375362,0.05142627,,5.916897e-05,2686,0.01,0.0001,20,2,,,10
2687,model_type.poincare,activation.dmelu,,0.00046404992,0.051459126,,5.914852e-05,2687,0.01,0.0001,20,2,,,10
2688,model_type.poincare,activation.dmelu,,0.00046354427,0.051403053,,5.912639e-05,2688,0.01,0.0001,20,2,,,10
2689,model_type.poincare,activation.dmelu,,0.00046404614,0.051458705,,5.9108235e-05,2689,0.01,0.0001,20,2,,,10
2690,model_type.poincare,activation.dmelu,,0.00046326648,0.05137225,,5.9089038e-05,2690,0.01,0.0001,20,2,,,10
2691,model_type.poincare,activation.dmelu,,0.00046414297,0.051469445,,5.90765e-05,2691,0.01,0.0001,20,2,,,10
2692,model_type.poincare,activation.dmelu,,0.00046288886,0.051330373,,5.9063892e-05,2692,0.01,0.0001,20,2,,,10
2693,model_type.poincare,activation.dmelu,,0.00046441986,0.05150015,,5.9067122e-05,2693,0.01,0.0001,20,2,,,10
2694,model_type.poincare,activation.dmelu,,0.00046236685,0.05127249,,5.907612e-05,2694,0.01,0.0001,20,2,,,10
2695,model_type.poincare,activation.dmelu,,0.00046505587,0.051570676,,5.9125847e-05,2695,0.01,0.0001,20,2,,,10
2696,model_type.poincare,activation.dmelu,,0.00046162537,0.051190265,,5.9203638e-05,2696,0.01,0.0001,20,2,,,10
2697,model_type.poincare,activation.dmelu,,0.0004664916,0.051729884,,5.938909e-05,2697,0.01,0.0001,20,2,,,10
2698,model_type.poincare,activation.dmelu,,0.00046068965,0.0510865,,5.969196e-05,2698,0.01,0.0001,20,2,,,10
2699,model_type.poincare,activation.dmelu,,0.0004697953,0.05209624,,6.0308244e-05,2699,0.01,0.0001,20,2,,,10
2700,model_type.poincare,activation.dmelu,,0.00046013,0.051024437,,6.1359446e-05,2700,0.01,0.0001,20,2,,,10
2701,model_type.poincare,activation.dmelu,,0.00047797855,0.05300369,,6.3394e-05,2701,0.01,0.0001,20,2,,,10
2702,model_type.poincare,activation.dmelu,,0.0004628054,0.05132112,,6.699911e-05,2702,0.01,0.0001,20,2,,,10
2703,model_type.poincare,activation.dmelu,,0.00050025486,0.05547394,,7.3880095e-05,2703,0.01,0.0001,20,2,,,10
2704,model_type.poincare,activation.dmelu,,0.00048038547,0.053270597,,8.633803e-05,2704,0.01,0.0001,20,2,,,10
2705,model_type.poincare,activation.dmelu,,0.00056503946,0.06265799,,0.000109854176,2705,0.01,0.0001,20,2,,,10
2706,model_type.poincare,activation.dmelu,,0.00055259065,0.061277527,,0.00015206513,2706,0.01,0.0001,20,2,,,10
2707,model_type.poincare,activation.dmelu,,0.0007453681,0.08265488,,0.0002283518,2707,0.01,0.0001,20,2,,,10
2708,model_type.poincare,activation.dmelu,,0.0007582941,0.08408826,,0.00035282935,2708,0.01,0.0001,20,2,,,10
2709,model_type.poincare,activation.dmelu,,0.0010859848,0.12042632,,0.0005410184,2709,0.01,0.0001,20,2,,,10
2710,model_type.poincare,activation.dmelu,,0.0009779184,0.108442694,,0.0007483824,2710,0.01,0.0001,20,2,,,10
2711,model_type.poincare,activation.dmelu,,0.0011708654,0.12983885,,0.00089493894,2711,0.01,0.0001,20,2,,,10
2712,model_type.poincare,activation.dmelu,,0.00075121975,0.08330378,,0.0008271454,2712,0.01,0.0001,20,2,,,10
2713,model_type.poincare,activation.dmelu,,0.0008466619,0.093887486,,0.0006143704,2713,0.01,0.0001,20,2,,,10
2714,model_type.poincare,activation.dmelu,,0.00062475353,0.06927977,,0.00040315767,2714,0.01,0.0001,20,2,,,10
2715,model_type.poincare,activation.dmelu,,0.0006865905,0.076136954,,0.00032651873,2715,0.01,0.0001,20,2,,,10
2716,model_type.poincare,activation.dmelu,,0.0006427939,0.071280286,,0.00029766752,2716,0.01,0.0001,20,2,,,10
2717,model_type.poincare,activation.dmelu,,0.0005172447,0.057357963,,0.00024031287,2717,0.01,0.0001,20,2,,,10
2718,model_type.poincare,activation.dmelu,,0.0007135643,0.07912811,,0.0002156014,2718,0.01,0.0001,20,2,,,10
2719,model_type.poincare,activation.dmelu,,0.0006137169,0.0680559,,0.00027155402,2719,0.01,0.0001,20,2,,,10
2720,model_type.poincare,activation.dmelu,,0.0005940485,0.065874845,,0.00029222033,2720,0.01,0.0001,20,2,,,10
2721,model_type.poincare,activation.dmelu,,0.0005132047,0.056909967,,0.00018319828,2721,0.01,0.0001,20,2,,,10
2722,model_type.poincare,activation.dmelu,,0.00051402464,0.05700089,,0.00010097934,2722,0.01,0.0001,20,2,,,10
2723,model_type.poincare,activation.dmelu,,0.0006634568,0.07357162,,0.00016715398,2723,0.01,0.0001,20,2,,,10
2724,model_type.poincare,activation.dmelu,,0.0005150903,0.057119064,,0.00023027115,2724,0.01,0.0001,20,2,,,10
2725,model_type.poincare,activation.dmelu,,0.00048791044,0.05410505,,0.00015706269,2725,0.01,0.0001,20,2,,,10
2726,model_type.poincare,activation.dmelu,,0.0005444315,0.060372747,,7.823396e-05,2726,0.01,0.0001,20,2,,,10
2727,model_type.poincare,activation.dmelu,,0.0005288388,0.05864365,,0.00012426438,2727,0.01,0.0001,20,2,,,10
2728,model_type.poincare,activation.dmelu,,0.00054848974,0.06082277,,0.0001741292,2728,0.01,0.0001,20,2,,,10
2729,model_type.poincare,activation.dmelu,,0.00046849693,0.05195226,,0.00012079699,2729,0.01,0.0001,20,2,,,10
2730,model_type.poincare,activation.dmelu,,0.000502466,0.055719137,,7.490195e-05,2730,0.01,0.0001,20,2,,,10
2731,model_type.poincare,activation.dmelu,,0.00054901035,0.0608805,,0.0001106227,2731,0.01,0.0001,20,2,,,10
2732,model_type.poincare,activation.dmelu,,0.0004731432,0.05246749,,0.00013208241,2732,0.01,0.0001,20,2,,,10
2733,model_type.poincare,activation.dmelu,,0.000493847,0.054763366,,9.364352e-05,2733,0.01,0.0001,20,2,,,10
2734,model_type.poincare,activation.dmelu,,0.0005017116,0.055635482,,7.61538e-05,2734,0.01,0.0001,20,2,,,10
2735,model_type.poincare,activation.dmelu,,0.00049120793,0.054470714,,0.00010170809,2735,0.01,0.0001,20,2,,,10
2736,model_type.poincare,activation.dmelu,,0.00049681537,0.05509253,,0.000102779624,2736,0.01,0.0001,20,2,,,10
2737,model_type.poincare,activation.dmelu,,0.00046847464,0.051949788,,7.77839e-05,2737,0.01,0.0001,20,2,,,10
2738,model_type.poincare,activation.dmelu,,0.0004944585,0.054831173,,7.8310404e-05,2738,0.01,0.0001,20,2,,,10
2739,model_type.poincare,activation.dmelu,,0.00049078977,0.05442434,,9.1584e-05,2739,0.01,0.0001,20,2,,,10
2740,model_type.poincare,activation.dmelu,,0.00046382847,0.05143457,,8.272244e-05,2740,0.01,0.0001,20,2,,,10
2741,model_type.poincare,activation.dmelu,,0.0004861429,0.053909045,,7.133969e-05,2741,0.01,0.0001,20,2,,,10
2742,model_type.poincare,activation.dmelu,,0.0004794376,0.053165484,,7.81692e-05,2742,0.01,0.0001,20,2,,,10
2743,model_type.poincare,activation.dmelu,,0.00047111057,0.05224209,,8.153263e-05,2743,0.01,0.0001,20,2,,,10
2744,model_type.poincare,activation.dmelu,,0.00047307528,0.05245996,,7.123698e-05,2744,0.01,0.0001,20,2,,,10
2745,model_type.poincare,activation.dmelu,,0.0004711656,0.052248195,,6.853323e-05,2745,0.01,0.0001,20,2,,,10
2746,model_type.poincare,activation.dmelu,,0.0004766035,0.05285121,,7.584642e-05,2746,0.01,0.0001,20,2,,,10
2747,model_type.poincare,activation.dmelu,,0.00046441323,0.05149941,,7.392407e-05,2747,0.01,0.0001,20,2,,,10
2748,model_type.poincare,activation.dmelu,,0.00046511984,0.05157777,,6.523325e-05,2748,0.01,0.0001,20,2,,,10
2749,model_type.poincare,activation.dmelu,,0.0004721972,0.052362587,,6.649741e-05,2749,0.01,0.0001,20,2,,,10
2750,model_type.poincare,activation.dmelu,,0.00046502642,0.05156741,,7.243227e-05,2750,0.01,0.0001,20,2,,,10
2751,model_type.poincare,activation.dmelu,,0.00046314136,0.051358376,,6.893256e-05,2751,0.01,0.0001,20,2,,,10
2752,model_type.poincare,activation.dmelu,,0.00046049285,0.051064678,,6.2568106e-05,2752,0.01,0.0001,20,2,,,10
2753,model_type.poincare,activation.dmelu,,0.00046512735,0.051578604,,6.459268e-05,2753,0.01,0.0001,20,2,,,10
2754,model_type.poincare,activation.dmelu,,0.00046358025,0.051407043,,6.856907e-05,2754,0.01,0.0001,20,2,,,10
2755,model_type.poincare,activation.dmelu,,0.00045511412,0.05046822,,6.5869106e-05,2755,0.01,0.0001,20,2,,,10
2756,model_type.poincare,activation.dmelu,,0.0004607056,0.05108827,,6.1753184e-05,2756,0.01,0.0001,20,2,,,10
2757,model_type.poincare,activation.dmelu,,0.00045867197,0.050862756,,6.2906605e-05,2757,0.01,0.0001,20,2,,,10
2758,model_type.poincare,activation.dmelu,,0.000456171,0.05058542,,6.516901e-05,2758,0.01,0.0001,20,2,,,10
2759,model_type.poincare,activation.dmelu,,0.00045785762,0.05077245,,6.361962e-05,2759,0.01,0.0001,20,2,,,10
2760,model_type.poincare,activation.dmelu,,0.00045251948,0.0501805,,6.1512364e-05,2760,0.01,0.0001,20,2,,,10
2761,model_type.poincare,activation.dmelu,,0.00045547262,0.050507978,,6.195221e-05,2761,0.01,0.0001,20,2,,,10
2762,model_type.poincare,activation.dmelu,,0.00045495547,0.05045063,,6.265076e-05,2762,0.01,0.0001,20,2,,,10
2763,model_type.poincare,activation.dmelu,,0.00045027884,0.049932033,,6.1823914e-05,2763,0.01,0.0001,20,2,,,10
2764,model_type.poincare,activation.dmelu,,0.00045371617,0.0503132,,6.104121e-05,2764,0.01,0.0001,20,2,,,10
2765,model_type.poincare,activation.dmelu,,0.00045108295,0.0500212,,6.137539e-05,2765,0.01,0.0001,20,2,,,10
2766,model_type.poincare,activation.dmelu,,0.00044991018,0.04989115,,6.138028e-05,2766,0.01,0.0001,20,2,,,10
2767,model_type.poincare,activation.dmelu,,0.00045126682,0.05004159,,6.0520488e-05,2767,0.01,0.0001,20,2,,,10
2768,model_type.poincare,activation.dmelu,,0.00044786383,0.04966423,,6.026854e-05,2768,0.01,0.0001,20,2,,,10
2769,model_type.poincare,activation.dmelu,,0.00045047866,0.04995419,,6.0775288e-05,2769,0.01,0.0001,20,2,,,10
2770,model_type.poincare,activation.dmelu,,0.00044860228,0.049746115,,6.0702536e-05,2770,0.01,0.0001,20,2,,,10
2771,model_type.poincare,activation.dmelu,,0.00044628436,0.049489077,,5.9966358e-05,2771,0.01,0.0001,20,2,,,10
2772,model_type.poincare,activation.dmelu,,0.0004495275,0.049848713,,5.9636746e-05,2772,0.01,0.0001,20,2,,,10
2773,model_type.poincare,activation.dmelu,,0.00044615334,0.04947455,,5.9980284e-05,2773,0.01,0.0001,20,2,,,10
2774,model_type.poincare,activation.dmelu,,0.00044749826,0.04962369,,6.0155635e-05,2774,0.01,0.0001,20,2,,,10
2775,model_type.poincare,activation.dmelu,,0.0004470888,0.049578283,,5.9710314e-05,2775,0.01,0.0001,20,2,,,10
2776,model_type.poincare,activation.dmelu,,0.0004448135,0.049325973,,5.933756e-05,2776,0.01,0.0001,20,2,,,10
2777,model_type.poincare,activation.dmelu,,0.00044803804,0.04968355,,5.9426573e-05,2777,0.01,0.0001,20,2,,,10
2778,model_type.poincare,activation.dmelu,,0.00044484314,0.04932926,,5.9543996e-05,2778,0.01,0.0001,20,2,,,10
2779,model_type.poincare,activation.dmelu,,0.0004459973,0.04945725,,5.9426795e-05,2779,0.01,0.0001,20,2,,,10
2780,model_type.poincare,activation.dmelu,,0.00044622636,0.049482647,,5.9184487e-05,2780,0.01,0.0001,20,2,,,10
2781,model_type.poincare,activation.dmelu,,0.00044429593,0.049268577,,5.911391e-05,2781,0.01,0.0001,20,2,,,10
2782,model_type.poincare,activation.dmelu,,0.00044676525,0.049542405,,5.914944e-05,2782,0.01,0.0001,20,2,,,10
2783,model_type.poincare,activation.dmelu,,0.0004443103,0.04927017,,5.9069345e-05,2783,0.01,0.0001,20,2,,,10
2784,model_type.poincare,activation.dmelu,,0.00044550872,0.049403068,,5.8991965e-05,2784,0.01,0.0001,20,2,,,10
2785,model_type.poincare,activation.dmelu,,0.0004453637,0.049386986,,5.8929985e-05,2785,0.01,0.0001,20,2,,,10
2786,model_type.poincare,activation.dmelu,,0.00044457242,0.04929924,,5.8889007e-05,2786,0.01,0.0001,20,2,,,10
2787,model_type.poincare,activation.dmelu,,0.00044564402,0.04941807,,5.8835092e-05,2787,0.01,0.0001,20,2,,,10
2788,model_type.poincare,activation.dmelu,,0.00044419887,0.049257815,,5.8751626e-05,2788,0.01,0.0001,20,2,,,10
2789,model_type.poincare,activation.dmelu,,0.00044572479,0.049427025,,5.8740483e-05,2789,0.01,0.0001,20,2,,,10
2790,model_type.poincare,activation.dmelu,,0.00044436162,0.049275864,,5.8718037e-05,2790,0.01,0.0001,20,2,,,10
2791,model_type.poincare,activation.dmelu,,0.00044504474,0.049351614,,5.8665442e-05,2791,0.01,0.0001,20,2,,,10
2792,model_type.poincare,activation.dmelu,,0.00044507335,0.049354788,,5.859802e-05,2792,0.01,0.0001,20,2,,,10
2793,model_type.poincare,activation.dmelu,,0.0004442236,0.04926056,,5.8542555e-05,2793,0.01,0.0001,20,2,,,10
2794,model_type.poincare,activation.dmelu,,0.00044566137,0.049419995,,5.8535566e-05,2794,0.01,0.0001,20,2,,,10
2795,model_type.poincare,activation.dmelu,,0.00044394739,0.049229927,,5.8521156e-05,2795,0.01,0.0001,20,2,,,10
2796,model_type.poincare,activation.dmelu,,0.00044542708,0.049394015,,5.848728e-05,2796,0.01,0.0001,20,2,,,10
2797,model_type.poincare,activation.dmelu,,0.00044447693,0.04928865,,5.8431764e-05,2797,0.01,0.0001,20,2,,,10
2798,model_type.poincare,activation.dmelu,,0.000444548,0.04929653,,5.8389298e-05,2798,0.01,0.0001,20,2,,,10
2799,model_type.poincare,activation.dmelu,,0.0004452617,0.049375676,,5.8363414e-05,2799,0.01,0.0001,20,2,,,10
2800,model_type.poincare,activation.dmelu,,0.00044393697,0.049228773,,5.835073e-05,2800,0.01,0.0001,20,2,,,10
2801,model_type.poincare,activation.dmelu,,0.00044544533,0.049396038,,5.8335198e-05,2801,0.01,0.0001,20,2,,,10
2802,model_type.poincare,activation.dmelu,,0.00044404573,0.049240835,,5.8296806e-05,2802,0.01,0.0001,20,2,,,10
2803,model_type.poincare,activation.dmelu,,0.00044488182,0.04933355,,5.82677e-05,2803,0.01,0.0001,20,2,,,10
2804,model_type.poincare,activation.dmelu,,0.00044461913,0.04930442,,5.8232694e-05,2804,0.01,0.0001,20,2,,,10
2805,model_type.poincare,activation.dmelu,,0.00044421235,0.04925931,,5.8216458e-05,2805,0.01,0.0001,20,2,,,10
2806,model_type.poincare,activation.dmelu,,0.00044504218,0.04935133,,5.819621e-05,2806,0.01,0.0001,20,2,,,10
2807,model_type.poincare,activation.dmelu,,0.00044388007,0.049222462,,5.817056e-05,2807,0.01,0.0001,20,2,,,10
2808,model_type.poincare,activation.dmelu,,0.00044489896,0.04933545,,5.8152596e-05,2808,0.01,0.0001,20,2,,,10
2809,model_type.poincare,activation.dmelu,,0.0004441575,0.049253225,,5.8124693e-05,2809,0.01,0.0001,20,2,,,10
2810,model_type.poincare,activation.dmelu,,0.0004443615,0.04927585,,5.8108155e-05,2810,0.01,0.0001,20,2,,,10
2811,model_type.poincare,activation.dmelu,,0.0004444344,0.049283933,,5.8079106e-05,2811,0.01,0.0001,20,2,,,10
2812,model_type.poincare,activation.dmelu,,0.00044407375,0.049243942,,5.8057103e-05,2812,0.01,0.0001,20,2,,,10
2813,model_type.poincare,activation.dmelu,,0.0004444111,0.04928135,,5.8037658e-05,2813,0.01,0.0001,20,2,,,10
2814,model_type.poincare,activation.dmelu,,0.00044402093,0.049238082,,5.8017573e-05,2814,0.01,0.0001,20,2,,,10
2815,model_type.poincare,activation.dmelu,,0.00044427073,0.049265783,,5.8001853e-05,2815,0.01,0.0001,20,2,,,10
2816,model_type.poincare,activation.dmelu,,0.0004439604,0.04923137,,5.7972546e-05,2816,0.01,0.0001,20,2,,,10
2817,model_type.poincare,activation.dmelu,,0.000444174,0.049255054,,5.795035e-05,2817,0.01,0.0001,20,2,,,10
2818,model_type.poincare,activation.dmelu,,0.000443909,0.04922567,,5.792944e-05,2818,0.01,0.0001,20,2,,,10
2819,model_type.poincare,activation.dmelu,,0.00044401994,0.049237974,,5.7911893e-05,2819,0.01,0.0001,20,2,,,10
2820,model_type.poincare,activation.dmelu,,0.00044393592,0.049228657,,5.7892128e-05,2820,0.01,0.0001,20,2,,,10
2821,model_type.poincare,activation.dmelu,,0.00044382885,0.049216785,,5.7868663e-05,2821,0.01,0.0001,20,2,,,10
2822,model_type.poincare,activation.dmelu,,0.00044395382,0.049230643,,5.7845275e-05,2822,0.01,0.0001,20,2,,,10
2823,model_type.poincare,activation.dmelu,,0.00044368257,0.04920056,,5.7824887e-05,2823,0.01,0.0001,20,2,,,10
2824,model_type.poincare,activation.dmelu,,0.00044388935,0.049223494,,5.7804362e-05,2824,0.01,0.0001,20,2,,,10
2825,model_type.poincare,activation.dmelu,,0.00044368347,0.04920066,,5.7782843e-05,2825,0.01,0.0001,20,2,,,10
2826,model_type.poincare,activation.dmelu,,0.0004437,0.049202494,,5.7761357e-05,2826,0.01,0.0001,20,2,,,10
2827,model_type.poincare,activation.dmelu,,0.0004436982,0.049202297,,5.7738645e-05,2827,0.01,0.0001,20,2,,,10
2828,model_type.poincare,activation.dmelu,,0.00044360312,0.04919175,,5.7719844e-05,2828,0.01,0.0001,20,2,,,10
2829,model_type.poincare,activation.dmelu,,0.00044361615,0.049193196,,5.769813e-05,2829,0.01,0.0001,20,2,,,10
2830,model_type.poincare,activation.dmelu,,0.00044355768,0.049186714,,5.767737e-05,2830,0.01,0.0001,20,2,,,10
2831,model_type.poincare,activation.dmelu,,0.00044349793,0.049180087,,5.7653768e-05,2831,0.01,0.0001,20,2,,,10
2832,model_type.poincare,activation.dmelu,,0.00044354636,0.04918546,,5.763202e-05,2832,0.01,0.0001,20,2,,,10
2833,model_type.poincare,activation.dmelu,,0.00044335992,0.049164783,,5.761079e-05,2833,0.01,0.0001,20,2,,,10
2834,model_type.poincare,activation.dmelu,,0.00044350754,0.049181152,,5.7589823e-05,2834,0.01,0.0001,20,2,,,10
2835,model_type.poincare,activation.dmelu,,0.00044328335,0.049156293,,5.7568603e-05,2835,0.01,0.0001,20,2,,,10
2836,model_type.poincare,activation.dmelu,,0.00044338376,0.04916743,,5.7546804e-05,2836,0.01,0.0001,20,2,,,10
2837,model_type.poincare,activation.dmelu,,0.0004432769,0.049155574,,5.752465e-05,2837,0.01,0.0001,20,2,,,10
2838,model_type.poincare,activation.dmelu,,0.00044321036,0.0491482,,5.750308e-05,2838,0.01,0.0001,20,2,,,10
2839,model_type.poincare,activation.dmelu,,0.00044326554,0.04915432,,5.748151e-05,2839,0.01,0.0001,20,2,,,10
2840,model_type.poincare,activation.dmelu,,0.00044308428,0.049134217,,5.746027e-05,2840,0.01,0.0001,20,2,,,10
2841,model_type.poincare,activation.dmelu,,0.0004431902,0.049145963,,5.7438654e-05,2841,0.01,0.0001,20,2,,,10
2842,model_type.poincare,activation.dmelu,,0.00044297983,0.049122635,,5.7414978e-05,2842,0.01,0.0001,20,2,,,10
2843,model_type.poincare,activation.dmelu,,0.00044310853,0.049136907,,5.7394886e-05,2843,0.01,0.0001,20,2,,,10
2844,model_type.poincare,activation.dmelu,,0.00044289196,0.04911289,,5.737163e-05,2844,0.01,0.0001,20,2,,,10
2845,model_type.poincare,activation.dmelu,,0.00044301126,0.04912612,,5.7351528e-05,2845,0.01,0.0001,20,2,,,10
2846,model_type.poincare,activation.dmelu,,0.00044278492,0.04910102,,5.7328412e-05,2846,0.01,0.0001,20,2,,,10
2847,model_type.poincare,activation.dmelu,,0.00044293105,0.049117226,,5.7306523e-05,2847,0.01,0.0001,20,2,,,10
2848,model_type.poincare,activation.dmelu,,0.00044268108,0.049089506,,5.728407e-05,2848,0.01,0.0001,20,2,,,10
2849,model_type.poincare,activation.dmelu,,0.00044282858,0.04910586,,5.7262452e-05,2849,0.01,0.0001,20,2,,,10
2850,model_type.poincare,activation.dmelu,,0.00044260558,0.04908113,,5.7240013e-05,2850,0.01,0.0001,20,2,,,10
2851,model_type.poincare,activation.dmelu,,0.00044269793,0.049091373,,5.7218294e-05,2851,0.01,0.0001,20,2,,,10
2852,model_type.poincare,activation.dmelu,,0.00044254016,0.04907388,,5.71951e-05,2852,0.01,0.0001,20,2,,,10
2853,model_type.poincare,activation.dmelu,,0.00044258754,0.04907913,,5.717346e-05,2853,0.01,0.0001,20,2,,,10
2854,model_type.poincare,activation.dmelu,,0.00044244653,0.049063496,,5.715087e-05,2854,0.01,0.0001,20,2,,,10
2855,model_type.poincare,activation.dmelu,,0.00044249324,0.049068674,,5.712942e-05,2855,0.01,0.0001,20,2,,,10
2856,model_type.poincare,activation.dmelu,,0.00044233966,0.049051646,,5.710619e-05,2856,0.01,0.0001,20,2,,,10
2857,model_type.poincare,activation.dmelu,,0.0004424169,0.04906021,,5.708545e-05,2857,0.01,0.0001,20,2,,,10
2858,model_type.poincare,activation.dmelu,,0.00044220427,0.049036633,,5.706174e-05,2858,0.01,0.0001,20,2,,,10
2859,model_type.poincare,activation.dmelu,,0.00044238026,0.049056146,,5.704062e-05,2859,0.01,0.0001,20,2,,,10
2860,model_type.poincare,activation.dmelu,,0.00044203227,0.049017556,,5.701746e-05,2860,0.01,0.0001,20,2,,,10
2861,model_type.poincare,activation.dmelu,,0.00044235942,0.049053837,,5.699729e-05,2861,0.01,0.0001,20,2,,,10
2862,model_type.poincare,activation.dmelu,,0.00044185968,0.04899842,,5.697311e-05,2862,0.01,0.0001,20,2,,,10
2863,model_type.poincare,activation.dmelu,,0.00044235235,0.04905305,,5.6954304e-05,2863,0.01,0.0001,20,2,,,10
2864,model_type.poincare,activation.dmelu,,0.0004416496,0.048975125,,5.6929326e-05,2864,0.01,0.0001,20,2,,,10
2865,model_type.poincare,activation.dmelu,,0.00044240474,0.049058862,,5.6913137e-05,2865,0.01,0.0001,20,2,,,10
2866,model_type.poincare,activation.dmelu,,0.00044136384,0.048943434,,5.6887082e-05,2866,0.01,0.0001,20,2,,,10
2867,model_type.poincare,activation.dmelu,,0.00044256495,0.049076628,,5.687657e-05,2867,0.01,0.0001,20,2,,,10
2868,model_type.poincare,activation.dmelu,,0.0004409511,0.048897665,,5.685146e-05,2868,0.01,0.0001,20,2,,,10
2869,model_type.poincare,activation.dmelu,,0.00044292427,0.049116474,,5.6851586e-05,2869,0.01,0.0001,20,2,,,10
2870,model_type.poincare,activation.dmelu,,0.00044031304,0.04882691,,5.683249e-05,2870,0.01,0.0001,20,2,,,10
2871,model_type.poincare,activation.dmelu,,0.00044364357,0.049196236,,5.6858673e-05,2871,0.01,0.0001,20,2,,,10
2872,model_type.poincare,activation.dmelu,,0.00043933853,0.048718847,,5.6864395e-05,2872,0.01,0.0001,20,2,,,10
2873,model_type.poincare,activation.dmelu,,0.00044504867,0.04935205,,5.6961486e-05,2873,0.01,0.0001,20,2,,,10
2874,model_type.poincare,activation.dmelu,,0.00043782714,0.048551247,,5.7054207e-05,2874,0.01,0.0001,20,2,,,10
2875,model_type.poincare,activation.dmelu,,0.0004479209,0.04967056,,5.7358804e-05,2875,0.01,0.0001,20,2,,,10
2876,model_type.poincare,activation.dmelu,,0.00043560594,0.048304934,,5.775507e-05,2876,0.01,0.0001,20,2,,,10
2877,model_type.poincare,activation.dmelu,,0.00045419132,0.05036589,,5.870953e-05,2877,0.01,0.0001,20,2,,,10
2878,model_type.poincare,activation.dmelu,,0.00043315737,0.04803341,,6.017169e-05,2878,0.01,0.0001,20,2,,,10
2879,model_type.poincare,activation.dmelu,,0.0004690712,0.05201594,,6.329186e-05,2879,0.01,0.0001,20,2,,,10
2880,model_type.poincare,activation.dmelu,,0.0004343308,0.048163533,,6.854204e-05,2880,0.01,0.0001,20,2,,,10
2881,model_type.poincare,activation.dmelu,,0.0005081865,0.056353495,,7.91863e-05,2881,0.01,0.0001,20,2,,,10
2882,model_type.poincare,activation.dmelu,,0.00045703058,0.05068074,,9.800388e-05,2882,0.01,0.0001,20,2,,,10
2883,model_type.poincare,activation.dmelu,,0.0006191621,0.06865972,,0.00013504819,2883,0.01,0.0001,20,2,,,10
2884,model_type.poincare,activation.dmelu,,0.000565795,0.06274177,,0.0002003707,2884,0.01,0.0001,20,2,,,10
2885,model_type.poincare,activation.dmelu,,0.00091741036,0.10173288,,0.0003218206,2885,0.01,0.0001,20,2,,,10
2886,model_type.poincare,activation.dmelu,,0.0008797311,0.09755457,,0.00051117915,2886,0.01,0.0001,20,2,,,10
2887,model_type.poincare,activation.dmelu,,0.001390998,0.15424965,,0.00079277565,2887,0.01,0.0001,20,2,,,10
2888,model_type.poincare,activation.dmelu,,0.0010780313,0.11954435,,0.0010314796,2888,0.01,0.0001,20,2,,,10
2889,model_type.poincare,activation.dmelu,,0.0011195312,0.124146335,,0.0010871984,2889,0.01,0.0001,20,2,,,10
2890,model_type.poincare,activation.dmelu,,0.00051433814,0.057035655,,0.0007168192,2890,0.01,0.0001,20,2,,,10
2891,model_type.poincare,activation.dmelu,,0.00049443264,0.054828305,,0.00025351773,2891,0.01,0.0001,20,2,,,10
2892,model_type.poincare,activation.dmelu,,0.0007647641,0.08480573,,0.00012239272,2892,0.01,0.0001,20,2,,,10
2893,model_type.poincare,activation.dmelu,,0.000691463,0.07667727,,0.00035088058,2893,0.01,0.0001,20,2,,,10
2894,model_type.poincare,activation.dmelu,,0.0007259951,0.080506586,,0.00049394474,2894,0.01,0.0001,20,2,,,10
2895,model_type.poincare,activation.dmelu,,0.00046377082,0.051428176,,0.00028648452,2895,0.01,0.0001,20,2,,,10
2896,model_type.poincare,activation.dmelu,,0.00053575396,0.059410483,,0.00010233838,2896,0.01,0.0001,20,2,,,10
2897,model_type.poincare,activation.dmelu,,0.0007417796,0.08225694,,0.00021101696,2897,0.01,0.0001,20,2,,,10
2898,model_type.poincare,activation.dmelu,,0.00051197794,0.056773927,,0.00032024056,2898,0.01,0.0001,20,2,,,10
2899,model_type.poincare,activation.dmelu,,0.00048619308,0.05391461,,0.00019604988,2899,0.01,0.0001,20,2,,,10
2900,model_type.poincare,activation.dmelu,,0.0005938539,0.06585326,,8.204465e-05,2900,0.01,0.0001,20,2,,,10
2901,model_type.poincare,activation.dmelu,,0.00054802943,0.060771726,,0.00017478634,2901,0.01,0.0001,20,2,,,10
2902,model_type.poincare,activation.dmelu,,0.000535546,0.05938742,,0.00023217824,2902,0.01,0.0001,20,2,,,10
2903,model_type.poincare,activation.dmelu,,0.0004937075,0.054747894,,0.00012230982,2903,0.01,0.0001,20,2,,,10
2904,model_type.poincare,activation.dmelu,,0.00050533505,0.05603729,,8.2448314e-05,2904,0.01,0.0001,20,2,,,10
2905,model_type.poincare,activation.dmelu,,0.00057160505,0.06338606,,0.00016001126,2905,0.01,0.0001,20,2,,,10
2906,model_type.poincare,activation.dmelu,,0.00047689548,0.052883588,,0.00015450286,2906,0.01,0.0001,20,2,,,10
2907,model_type.poincare,activation.dmelu,,0.00046279115,0.05131954,,8.498069e-05,2907,0.01,0.0001,20,2,,,10
2908,model_type.poincare,activation.dmelu,,0.0005580607,0.06188411,,9.5943855e-05,2908,0.01,0.0001,20,2,,,10
2909,model_type.poincare,activation.dmelu,,0.00048143615,0.05338711,,0.00013435661,2909,0.01,0.0001,20,2,,,10
2910,model_type.poincare,activation.dmelu,,0.00046132517,0.051156975,,0.00010420883,2910,0.01,0.0001,20,2,,,10
2911,model_type.poincare,activation.dmelu,,0.00052325136,0.058024053,,7.559759e-05,2911,0.01,0.0001,20,2,,,10
2912,model_type.poincare,activation.dmelu,,0.0004715567,0.052291565,,0.00010212858,2912,0.01,0.0001,20,2,,,10
2913,model_type.poincare,activation.dmelu,,0.00047907376,0.05312514,,0.00010727568,2913,0.01,0.0001,20,2,,,10
2914,model_type.poincare,activation.dmelu,,0.000492651,0.054630738,,7.629043e-05,2914,0.01,0.0001,20,2,,,10
2915,model_type.poincare,activation.dmelu,,0.0004595227,0.050957095,,7.845768e-05,2915,0.01,0.0001,20,2,,,10
2916,model_type.poincare,activation.dmelu,,0.00049331726,0.05470462,,9.700449e-05,2916,0.01,0.0001,20,2,,,10
2917,model_type.poincare,activation.dmelu,,0.00046652075,0.051733118,,8.2601255e-05,2917,0.01,0.0001,20,2,,,10
2918,model_type.poincare,activation.dmelu,,0.0004518998,0.05011178,,6.833973e-05,2918,0.01,0.0001,20,2,,,10
2919,model_type.poincare,activation.dmelu,,0.00049493,0.05488346,,8.029175e-05,2919,0.01,0.0001,20,2,,,10
2920,model_type.poincare,activation.dmelu,,0.00045270857,0.05020147,,8.3343766e-05,2920,0.01,0.0001,20,2,,,10
2921,model_type.poincare,activation.dmelu,,0.0004523546,0.050162215,,7.001607e-05,2921,0.01,0.0001,20,2,,,10
2922,model_type.poincare,activation.dmelu,,0.00047946384,0.053168394,,6.85571e-05,2922,0.01,0.0001,20,2,,,10
2923,model_type.poincare,activation.dmelu,,0.00044543218,0.049394578,,7.602085e-05,2923,0.01,0.0001,20,2,,,10
2924,model_type.poincare,activation.dmelu,,0.00045836915,0.050829176,,7.2341296e-05,2924,0.01,0.0001,20,2,,,10
2925,model_type.poincare,activation.dmelu,,0.0004624786,0.05128488,,6.5303495e-05,2925,0.01,0.0001,20,2,,,10
2926,model_type.poincare,activation.dmelu,,0.00044181448,0.04899341,,6.8270325e-05,2926,0.01,0.0001,20,2,,,10
2927,model_type.poincare,activation.dmelu,,0.00045826667,0.050817814,,7.067589e-05,2927,0.01,0.0001,20,2,,,10
2928,model_type.poincare,activation.dmelu,,0.0004491136,0.049802817,,6.532229e-05,2928,0.01,0.0001,20,2,,,10
2929,model_type.poincare,activation.dmelu,,0.00044171006,0.048981827,,6.355223e-05,2929,0.01,0.0001,20,2,,,10
2930,model_type.poincare,activation.dmelu,,0.00045562154,0.05052449,,6.6729466e-05,2930,0.01,0.0001,20,2,,,10
2931,model_type.poincare,activation.dmelu,,0.00044064262,0.04886346,,6.565983e-05,2931,0.01,0.0001,20,2,,,10
2932,model_type.poincare,activation.dmelu,,0.00043935704,0.0487209,,6.221352e-05,2932,0.01,0.0001,20,2,,,10
2933,model_type.poincare,activation.dmelu,,0.00045105003,0.05001755,,6.243247e-05,2933,0.01,0.0001,20,2,,,10
2934,model_type.poincare,activation.dmelu,,0.00043740706,0.04850466,,6.396126e-05,2934,0.01,0.0001,20,2,,,10
2935,model_type.poincare,activation.dmelu,,0.0004387715,0.04865597,,6.2674524e-05,2935,0.01,0.0001,20,2,,,10
2936,model_type.poincare,activation.dmelu,,0.00044449393,0.049290534,,6.069735e-05,2936,0.01,0.0001,20,2,,,10
2937,model_type.poincare,activation.dmelu,,0.00043345307,0.0480662,,6.120029e-05,2937,0.01,0.0001,20,2,,,10
2938,model_type.poincare,activation.dmelu,,0.0004404427,0.04884129,,6.180981e-05,2938,0.01,0.0001,20,2,,,10
2939,model_type.poincare,activation.dmelu,,0.0004388763,0.048667587,,6.052635e-05,2939,0.01,0.0001,20,2,,,10
2940,model_type.poincare,activation.dmelu,,0.00043100628,0.04779487,,5.9795286e-05,2940,0.01,0.0001,20,2,,,10
2941,model_type.poincare,activation.dmelu,,0.00044075932,0.0488764,,6.0244514e-05,2941,0.01,0.0001,20,2,,,10
2942,model_type.poincare,activation.dmelu,,0.00043289334,0.04800413,,6.0069495e-05,2942,0.01,0.0001,20,2,,,10
2943,model_type.poincare,activation.dmelu,,0.0004317651,0.047879018,,5.9340717e-05,2943,0.01,0.0001,20,2,,,10
2944,model_type.poincare,activation.dmelu,,0.00043847552,0.048623145,,5.9013004e-05,2944,0.01,0.0001,20,2,,,10
2945,model_type.poincare,activation.dmelu,,0.00042913225,0.04758706,,5.9202743e-05,2945,0.01,0.0001,20,2,,,10
2946,model_type.poincare,activation.dmelu,,0.00043369495,0.04809302,,5.9162463e-05,2946,0.01,0.0001,20,2,,,10
2947,model_type.poincare,activation.dmelu,,0.00043305208,0.048021734,,5.8538048e-05,2947,0.01,0.0001,20,2,,,10
2948,model_type.poincare,activation.dmelu,,0.00042842372,0.04750849,,5.829908e-05,2948,0.01,0.0001,20,2,,,10
2949,model_type.poincare,activation.dmelu,,0.000434322,0.048162553,,5.8500063e-05,2949,0.01,0.0001,20,2,,,10
2950,model_type.poincare,activation.dmelu,,0.0004288246,0.047552943,,5.835699e-05,2950,0.01,0.0001,20,2,,,10
2951,model_type.poincare,activation.dmelu,,0.0004291438,0.04758834,,5.8052326e-05,2951,0.01,0.0001,20,2,,,10
2952,model_type.poincare,activation.dmelu,,0.0004315325,0.047853224,,5.785285e-05,2952,0.01,0.0001,20,2,,,10
2953,model_type.poincare,activation.dmelu,,0.00042741586,0.047396723,,5.7839337e-05,2953,0.01,0.0001,20,2,,,10
2954,model_type.poincare,activation.dmelu,,0.00042998415,0.047681525,,5.7869867e-05,2954,0.01,0.0001,20,2,,,10
2955,model_type.poincare,activation.dmelu,,0.00042842262,0.047508366,,5.76183e-05,2955,0.01,0.0001,20,2,,,10
2956,model_type.poincare,activation.dmelu,,0.00042700957,0.04735167,,5.744561e-05,2956,0.01,0.0001,20,2,,,10
2957,model_type.poincare,activation.dmelu,,0.00042934465,0.04761061,,5.7488403e-05,2957,0.01,0.0001,20,2,,,10
2958,model_type.poincare,activation.dmelu,,0.00042700057,0.04735067,,5.7430756e-05,2958,0.01,0.0001,20,2,,,10
2959,model_type.poincare,activation.dmelu,,0.00042702205,0.047353055,,5.7306304e-05,2959,0.01,0.0001,20,2,,,10
2960,model_type.poincare,activation.dmelu,,0.00042819427,0.047483042,,5.7169997e-05,2960,0.01,0.0001,20,2,,,10
2961,model_type.poincare,activation.dmelu,,0.0004260078,0.047240585,,5.7125213e-05,2961,0.01,0.0001,20,2,,,10
2962,model_type.poincare,activation.dmelu,,0.0004272714,0.04738071,,5.717373e-05,2962,0.01,0.0001,20,2,,,10
2963,model_type.poincare,activation.dmelu,,0.00042724688,0.047377985,,5.706212e-05,2963,0.01,0.0001,20,2,,,10
2964,model_type.poincare,activation.dmelu,,0.00042548284,0.04718237,,5.6928417e-05,2964,0.01,0.0001,20,2,,,10
2965,model_type.poincare,activation.dmelu,,0.00042770937,0.04742927,,5.6924313e-05,2965,0.01,0.0001,20,2,,,10
2966,model_type.poincare,activation.dmelu,,0.0004258498,0.04722306,,5.691359e-05,2966,0.01,0.0001,20,2,,,10
2967,model_type.poincare,activation.dmelu,,0.0004259957,0.04723924,,5.686789e-05,2967,0.01,0.0001,20,2,,,10
2968,model_type.poincare,activation.dmelu,,0.00042746915,0.047402635,,5.6770135e-05,2968,0.01,0.0001,20,2,,,10
2969,model_type.poincare,activation.dmelu,,0.0004250542,0.047134835,,5.6725265e-05,2969,0.01,0.0001,20,2,,,10
2970,model_type.poincare,activation.dmelu,,0.00042709525,0.047361173,,5.6760182e-05,2970,0.01,0.0001,20,2,,,10
2971,model_type.poincare,activation.dmelu,,0.00042602659,0.047242668,,5.67014e-05,2971,0.01,0.0001,20,2,,,10
2972,model_type.poincare,activation.dmelu,,0.00042559707,0.047195036,,5.6618886e-05,2972,0.01,0.0001,20,2,,,10
2973,model_type.poincare,activation.dmelu,,0.00042728573,0.047382295,,5.6590372e-05,2973,0.01,0.0001,20,2,,,10
2974,model_type.poincare,activation.dmelu,,0.00042519064,0.047149967,,5.658957e-05,2974,0.01,0.0001,20,2,,,10
2975,model_type.poincare,activation.dmelu,,0.00042658712,0.047304824,,5.658551e-05,2975,0.01,0.0001,20,2,,,10
2976,model_type.poincare,activation.dmelu,,0.00042619748,0.047261618,,5.6506662e-05,2976,0.01,0.0001,20,2,,,10
2977,model_type.poincare,activation.dmelu,,0.00042560708,0.047196146,,5.645644e-05,2977,0.01,0.0001,20,2,,,10
2978,model_type.poincare,activation.dmelu,,0.00042677656,0.04732583,,5.646867e-05,2978,0.01,0.0001,20,2,,,10
2979,model_type.poincare,activation.dmelu,,0.0004255523,0.047190074,,5.6451016e-05,2979,0.01,0.0001,20,2,,,10
2980,model_type.poincare,activation.dmelu,,0.00042617362,0.04725897,,5.6409022e-05,2980,0.01,0.0001,20,2,,,10
2981,model_type.poincare,activation.dmelu,,0.00042618034,0.047259714,,5.6356854e-05,2981,0.01,0.0001,20,2,,,10
2982,model_type.poincare,activation.dmelu,,0.00042565953,0.04720196,,5.6341072e-05,2982,0.01,0.0001,20,2,,,10
2983,model_type.poincare,activation.dmelu,,0.00042631544,0.047274698,,5.634831e-05,2983,0.01,0.0001,20,2,,,10
2984,model_type.poincare,activation.dmelu,,0.0004257952,0.047217008,,5.6307923e-05,2984,0.01,0.0001,20,2,,,10
2985,model_type.poincare,activation.dmelu,,0.00042574483,0.047211424,,5.626276e-05,2985,0.01,0.0001,20,2,,,10
2986,model_type.poincare,activation.dmelu,,0.00042619012,0.047260802,,5.6242003e-05,2986,0.01,0.0001,20,2,,,10
2987,model_type.poincare,activation.dmelu,,0.00042553927,0.04718863,,5.623165e-05,2987,0.01,0.0001,20,2,,,10
2988,model_type.poincare,activation.dmelu,,0.0004259809,0.047237597,,5.6219902e-05,2988,0.01,0.0001,20,2,,,10
2989,model_type.poincare,activation.dmelu,,0.0004258851,0.047226977,,5.617883e-05,2989,0.01,0.0001,20,2,,,10
2990,model_type.poincare,activation.dmelu,,0.0004253606,0.047168814,,5.6147564e-05,2990,0.01,0.0001,20,2,,,10
2991,model_type.poincare,activation.dmelu,,0.0004261563,0.04725705,,5.613736e-05,2991,0.01,0.0001,20,2,,,10
2992,model_type.poincare,activation.dmelu,,0.0004253839,0.0471714,,5.6119454e-05,2992,0.01,0.0001,20,2,,,10
2993,model_type.poincare,activation.dmelu,,0.00042572705,0.04720945,,5.6097233e-05,2993,0.01,0.0001,20,2,,,10
2994,model_type.poincare,activation.dmelu,,0.00042576884,0.047214083,,5.606391e-05,2994,0.01,0.0001,20,2,,,10
2995,model_type.poincare,activation.dmelu,,0.0004252187,0.047153078,,5.6042612e-05,2995,0.01,0.0001,20,2,,,10
2996,model_type.poincare,activation.dmelu,,0.000425948,0.04723395,,5.6030916e-05,2996,0.01,0.0001,20,2,,,10
2997,model_type.poincare,activation.dmelu,,0.00042525528,0.047157135,,5.600748e-05,2997,0.01,0.0001,20,2,,,10
2998,model_type.poincare,activation.dmelu,,0.00042554582,0.047189355,,5.598438e-05,2998,0.01,0.0001,20,2,,,10
2999,model_type.poincare,activation.dmelu,,0.00042555045,0.047189865,,5.595735e-05,2999,0.01,0.0001,20,2,,,10
3000,model_type.poincare,activation.dmelu,,0.00042520044,0.047151055,,5.593839e-05,3000,0.01,0.0001,20,2,,,10
3001,model_type.poincare,activation.dmelu,,0.00042559943,0.047195297,,5.59221e-05,3001,0.01,0.0001,20,2,,,10
3002,model_type.poincare,activation.dmelu,,0.00042521732,0.047152925,,5.589617e-05,3002,0.01,0.0001,20,2,,,10
3003,model_type.poincare,activation.dmelu,,0.00042531174,0.047163397,,5.5875593e-05,3003,0.01,0.0001,20,2,,,10
3004,model_type.poincare,activation.dmelu,,0.00042535,0.04716764,,5.5850847e-05,3004,0.01,0.0001,20,2,,,10
3005,model_type.poincare,activation.dmelu,,0.00042511272,0.04714133,,5.5830405e-05,3005,0.01,0.0001,20,2,,,10
3006,model_type.poincare,activation.dmelu,,0.00042527373,0.04715918,,5.5812e-05,3006,0.01,0.0001,20,2,,,10
3007,model_type.poincare,activation.dmelu,,0.0004251455,0.04714496,,5.5786324e-05,3007,0.01,0.0001,20,2,,,10
3008,model_type.poincare,activation.dmelu,,0.0004250465,0.047133986,,5.5766177e-05,3008,0.01,0.0001,20,2,,,10
3009,model_type.poincare,activation.dmelu,,0.0004251729,0.047148,,5.5742545e-05,3009,0.01,0.0001,20,2,,,10
3010,model_type.poincare,activation.dmelu,,0.0004248841,0.047115974,,5.5721048e-05,3010,0.01,0.0001,20,2,,,10
3011,model_type.poincare,activation.dmelu,,0.00042509247,0.047139082,,5.570179e-05,3011,0.01,0.0001,20,2,,,10
3012,model_type.poincare,activation.dmelu,,0.00042489174,0.04711682,,5.5676646e-05,3012,0.01,0.0001,20,2,,,10
3013,model_type.poincare,activation.dmelu,,0.00042485166,0.04711238,,5.565645e-05,3013,0.01,0.0001,20,2,,,10
3014,model_type.poincare,activation.dmelu,,0.00042491907,0.047119852,,5.5633747e-05,3014,0.01,0.0001,20,2,,,10
3015,model_type.poincare,activation.dmelu,,0.00042467302,0.047092568,,5.5611017e-05,3015,0.01,0.0001,20,2,,,10
3016,model_type.poincare,activation.dmelu,,0.00042486354,0.047113694,,5.5591092e-05,3016,0.01,0.0001,20,2,,,10
3017,model_type.poincare,activation.dmelu,,0.000424612,0.0470858,,5.5567365e-05,3017,0.01,0.0001,20,2,,,10
3018,model_type.poincare,activation.dmelu,,0.00042467393,0.04709267,,5.5547243e-05,3018,0.01,0.0001,20,2,,,10
3019,model_type.poincare,activation.dmelu,,0.0004246058,0.047085114,,5.552329e-05,3019,0.01,0.0001,20,2,,,10
3020,model_type.poincare,activation.dmelu,,0.00042451182,0.04707469,,5.550163e-05,3020,0.01,0.0001,20,2,,,10
3021,model_type.poincare,activation.dmelu,,0.00042454153,0.047077987,,5.548068e-05,3021,0.01,0.0001,20,2,,,10
3022,model_type.poincare,activation.dmelu,,0.00042442436,0.047064994,,5.5457735e-05,3022,0.01,0.0001,20,2,,,10
3023,model_type.poincare,activation.dmelu,,0.00042440547,0.0470629,,5.5437198e-05,3023,0.01,0.0001,20,2,,,10
3024,model_type.poincare,activation.dmelu,,0.00042437026,0.047058992,,5.5413173e-05,3024,0.01,0.0001,20,2,,,10
3025,model_type.poincare,activation.dmelu,,0.00042427084,0.04704797,,5.5391996e-05,3025,0.01,0.0001,20,2,,,10
3026,model_type.poincare,activation.dmelu,,0.00042429887,0.047051076,,5.537078e-05,3026,0.01,0.0001,20,2,,,10
3027,model_type.poincare,activation.dmelu,,0.00042418437,0.04703838,,5.5347475e-05,3027,0.01,0.0001,20,2,,,10
3028,model_type.poincare,activation.dmelu,,0.00042417005,0.047036793,,5.5326782e-05,3028,0.01,0.0001,20,2,,,10
3029,model_type.poincare,activation.dmelu,,0.00042411924,0.047031157,,5.5303513e-05,3029,0.01,0.0001,20,2,,,10
3030,model_type.poincare,activation.dmelu,,0.00042404523,0.04702295,,5.5281693e-05,3030,0.01,0.0001,20,2,,,10
3031,model_type.poincare,activation.dmelu,,0.0004240603,0.047024623,,5.526072e-05,3031,0.01,0.0001,20,2,,,10
3032,model_type.poincare,activation.dmelu,,0.00042392264,0.047009356,,5.5237375e-05,3032,0.01,0.0001,20,2,,,10
3033,model_type.poincare,activation.dmelu,,0.00042397072,0.047014687,,5.5216304e-05,3033,0.01,0.0001,20,2,,,10
3034,model_type.poincare,activation.dmelu,,0.00042383533,0.046999674,,5.519329e-05,3034,0.01,0.0001,20,2,,,10
3035,model_type.poincare,activation.dmelu,,0.0004238636,0.047002807,,5.517218e-05,3035,0.01,0.0001,20,2,,,10
3036,model_type.poincare,activation.dmelu,,0.00042376644,0.046992034,,5.515018e-05,3036,0.01,0.0001,20,2,,,10
3037,model_type.poincare,activation.dmelu,,0.00042373384,0.04698842,,5.5128177e-05,3037,0.01,0.0001,20,2,,,10
3038,model_type.poincare,activation.dmelu,,0.00042368966,0.04698352,,5.510632e-05,3038,0.01,0.0001,20,2,,,10
3039,model_type.poincare,activation.dmelu,,0.00042364,0.046978015,,5.5083477e-05,3039,0.01,0.0001,20,2,,,10
3040,model_type.poincare,activation.dmelu,,0.00042357598,0.046970915,,5.5062355e-05,3040,0.01,0.0001,20,2,,,10
3041,model_type.poincare,activation.dmelu,,0.0004235685,0.046970088,,5.504e-05,3041,0.01,0.0001,20,2,,,10
3042,model_type.poincare,activation.dmelu,,0.0004234482,0.046956744,,5.5018463e-05,3042,0.01,0.0001,20,2,,,10
3043,model_type.poincare,activation.dmelu,,0.00042350206,0.04696272,,5.4997297e-05,3043,0.01,0.0001,20,2,,,10
3044,model_type.poincare,activation.dmelu,,0.0004233239,0.04694296,,5.4974837e-05,3044,0.01,0.0001,20,2,,,10
3045,model_type.poincare,activation.dmelu,,0.00042341364,0.046952914,,5.4953452e-05,3045,0.01,0.0001,20,2,,,10
3046,model_type.poincare,activation.dmelu,,0.00042323046,0.0469326,,5.493138e-05,3046,0.01,0.0001,20,2,,,10
3047,model_type.poincare,activation.dmelu,,0.0004233116,0.046941597,,5.49102e-05,3047,0.01,0.0001,20,2,,,10
3048,model_type.poincare,activation.dmelu,,0.00042312485,0.046920888,,5.488786e-05,3048,0.01,0.0001,20,2,,,10
3049,model_type.poincare,activation.dmelu,,0.0004232227,0.04693174,,5.4866603e-05,3049,0.01,0.0001,20,2,,,10
3050,model_type.poincare,activation.dmelu,,0.00042301268,0.04690845,,5.48448e-05,3050,0.01,0.0001,20,2,,,10
3051,model_type.poincare,activation.dmelu,,0.00042315596,0.046924338,,5.4823733e-05,3051,0.01,0.0001,20,2,,,10
3052,model_type.poincare,activation.dmelu,,0.00042285857,0.04689136,,5.4801894e-05,3052,0.01,0.0001,20,2,,,10
3053,model_type.poincare,activation.dmelu,,0.00042312182,0.046920553,,5.4781223e-05,3053,0.01,0.0001,20,2,,,10
3054,model_type.poincare,activation.dmelu,,0.0004226842,0.046872027,,5.475887e-05,3054,0.01,0.0001,20,2,,,10
3055,model_type.poincare,activation.dmelu,,0.00042312534,0.046920944,,5.4739452e-05,3055,0.01,0.0001,20,2,,,10
3056,model_type.poincare,activation.dmelu,,0.00042246154,0.046847332,,5.4717642e-05,3056,0.01,0.0001,20,2,,,10
3057,model_type.poincare,activation.dmelu,,0.00042318675,0.046927754,,5.470038e-05,3057,0.01,0.0001,20,2,,,10
3058,model_type.poincare,activation.dmelu,,0.00042217126,0.046815142,,5.467915e-05,3058,0.01,0.0001,20,2,,,10
3059,model_type.poincare,activation.dmelu,,0.0004233414,0.0469449,,5.4665896e-05,3059,0.01,0.0001,20,2,,,10
3060,model_type.poincare,activation.dmelu,,0.00042177673,0.046771392,,5.464849e-05,3060,0.01,0.0001,20,2,,,10
3061,model_type.poincare,activation.dmelu,,0.00042367756,0.04698218,,5.4644835e-05,3061,0.01,0.0001,20,2,,,10
3062,model_type.poincare,activation.dmelu,,0.00042117457,0.04670462,,5.4638145e-05,3062,0.01,0.0001,20,2,,,10
3063,model_type.poincare,activation.dmelu,,0.00042438187,0.04706028,,5.4659486e-05,3063,0.01,0.0001,20,2,,,10
3064,model_type.poincare,activation.dmelu,,0.00042022727,0.04659957,,5.4690543e-05,3064,0.01,0.0001,20,2,,,10
3065,model_type.poincare,activation.dmelu,,0.0004258296,0.047220822,,5.4789176e-05,3065,0.01,0.0001,20,2,,,10
3066,model_type.poincare,activation.dmelu,,0.00041875444,0.046436246,,5.4937642e-05,3066,0.01,0.0001,20,2,,,10
3067,model_type.poincare,activation.dmelu,,0.00042882204,0.047552656,,5.5270175e-05,3067,0.01,0.0001,20,2,,,10
3068,model_type.poincare,activation.dmelu,,0.00041670527,0.04620901,,5.581378e-05,3068,0.01,0.0001,20,2,,,10
3069,model_type.poincare,activation.dmelu,,0.00043546676,0.0482895,,5.6904402e-05,3069,0.01,0.0001,20,2,,,10
3070,model_type.poincare,activation.dmelu,,0.0004148708,0.046005584,,5.878959e-05,3070,0.01,0.0001,20,2,,,10
3071,model_type.poincare,activation.dmelu,,0.00045152323,0.050070025,,6.244778e-05,3071,0.01,0.0001,20,2,,,10
3072,model_type.poincare,activation.dmelu,,0.00041817286,0.046371754,,6.90035e-05,3072,0.01,0.0001,20,2,,,10
3073,model_type.poincare,activation.dmelu,,0.0004941772,0.05479998,,8.1555925e-05,3073,0.01,0.0001,20,2,,,10
3074,model_type.poincare,activation.dmelu,,0.00044745984,0.04961943,,0.000104373576,3074,0.01,0.0001,20,2,,,10
3075,model_type.poincare,activation.dmelu,,0.0006128677,0.06796173,,0.00014716614,3075,0.01,0.0001,20,2,,,10
3076,model_type.poincare,activation.dmelu,,0.00056791306,0.06297665,,0.00022235046,3076,0.01,0.0001,20,2,,,10
3077,model_type.poincare,activation.dmelu,,0.00090056396,0.09986476,,0.00035189756,3077,0.01,0.0001,20,2,,,10
3078,model_type.poincare,activation.dmelu,,0.00084451673,0.0936496,,0.00054181105,3078,0.01,0.0001,20,2,,,10
3079,model_type.poincare,activation.dmelu,,0.001229494,0.13634026,,0.00077778107,3079,0.01,0.0001,20,2,,,10
3080,model_type.poincare,activation.dmelu,,0.0009125029,0.10118868,,0.0009306693,3080,0.01,0.0001,20,2,,,10
3081,model_type.poincare,activation.dmelu,,0.0009407157,0.10431724,,0.0008904734,3081,0.01,0.0001,20,2,,,10
3082,model_type.poincare,activation.dmelu,,0.00055300945,0.061323967,,0.0005984045,3082,0.01,0.0001,20,2,,,10
3083,model_type.poincare,activation.dmelu,,0.00052927824,0.058692385,,0.0003002327,3083,0.01,0.0001,20,2,,,10
3084,model_type.poincare,activation.dmelu,,0.0006373591,0.070677616,,0.0001874522,3084,0.01,0.0001,20,2,,,10
3085,model_type.poincare,activation.dmelu,,0.0005617537,0.06229363,,0.00025653274,3085,0.01,0.0001,20,2,,,10
3086,model_type.poincare,activation.dmelu,,0.00067385996,0.07472525,,0.00032915192,3086,0.01,0.0001,20,2,,,10
3087,model_type.poincare,activation.dmelu,,0.00051923655,0.057578847,,0.00029337368,3087,0.01,0.0001,20,2,,,10
3088,model_type.poincare,activation.dmelu,,0.0005253194,0.058253385,,0.00021989178,3088,0.01,0.0001,20,2,,,10
3089,model_type.poincare,activation.dmelu,,0.00055127306,0.061131418,,0.00017539298,3089,0.01,0.0001,20,2,,,10
3090,model_type.poincare,activation.dmelu,,0.00048217905,0.05346949,,0.00017077467,3090,0.01,0.0001,20,2,,,10
3091,model_type.poincare,activation.dmelu,,0.0005677174,0.062954955,,0.00018320799,3091,0.01,0.0001,20,2,,,10
3092,model_type.poincare,activation.dmelu,,0.00049162755,0.054517247,,0.00018289931,3092,0.01,0.0001,20,2,,,10
3093,model_type.poincare,activation.dmelu,,0.00047518552,0.052693967,,0.00015574115,3093,0.01,0.0001,20,2,,,10
3094,model_type.poincare,activation.dmelu,,0.00050764956,0.05629395,,0.000119777236,3094,0.01,0.0001,20,2,,,10
3095,model_type.poincare,activation.dmelu,,0.00046336316,0.05138297,,0.00012092877,3095,0.01,0.0001,20,2,,,10
3096,model_type.poincare,activation.dmelu,,0.0005179502,0.0574362,,0.00014526425,3096,0.01,0.0001,20,2,,,10
3097,model_type.poincare,activation.dmelu,,0.00046120185,0.0511433,,0.00013315439,3097,0.01,0.0001,20,2,,,10
3098,model_type.poincare,activation.dmelu,,0.0004384009,0.04861487,,9.659515e-05,3098,0.01,0.0001,20,2,,,10
3099,model_type.poincare,activation.dmelu,,0.0005043969,0.05593326,,9.2064525e-05,3099,0.01,0.0001,20,2,,,10
3100,model_type.poincare,activation.dmelu,,0.00045219963,0.05014503,,0.0001161765,3100,0.01,0.0001,20,2,,,10
3101,model_type.poincare,activation.dmelu,,0.00045970498,0.05097731,,0.00011507258,3101,0.01,0.0001,20,2,,,10
3102,model_type.poincare,activation.dmelu,,0.00045606727,0.05057392,,8.327574e-05,3102,0.01,0.0001,20,2,,,10
3103,model_type.poincare,activation.dmelu,,0.00043691578,0.048450183,,7.566223e-05,3103,0.01,0.0001,20,2,,,10
3104,model_type.poincare,activation.dmelu,,0.00048423212,0.053697158,,9.8685094e-05,3104,0.01,0.0001,20,2,,,10
3105,model_type.poincare,activation.dmelu,,0.00043196336,0.047901005,,9.934335e-05,3105,0.01,0.0001,20,2,,,10
3106,model_type.poincare,activation.dmelu,,0.00042857707,0.04752549,,7.321381e-05,3106,0.01,0.0001,20,2,,,10
3107,model_type.poincare,activation.dmelu,,0.00046981423,0.052098338,,6.758112e-05,3107,0.01,0.0001,20,2,,,10
3108,model_type.poincare,activation.dmelu,,0.00042932044,0.047607925,,8.635728e-05,3108,0.01,0.0001,20,2,,,10
3109,model_type.poincare,activation.dmelu,,0.0004433567,0.049164426,,8.6732674e-05,3109,0.01,0.0001,20,2,,,10
3110,model_type.poincare,activation.dmelu,,0.00043668583,0.048424684,,6.631653e-05,3110,0.01,0.0001,20,2,,,10
3111,model_type.poincare,activation.dmelu,,0.00042551145,0.04718554,,6.4011285e-05,3111,0.01,0.0001,20,2,,,10
3112,model_type.poincare,activation.dmelu,,0.00045710566,0.050689068,,7.794617e-05,3112,0.01,0.0001,20,2,,,10
3113,model_type.poincare,activation.dmelu,,0.0004187472,0.046435446,,7.6016535e-05,3113,0.01,0.0001,20,2,,,10
3114,model_type.poincare,activation.dmelu,,0.00042438402,0.04706052,,6.28442e-05,3114,0.01,0.0001,20,2,,,10
3115,model_type.poincare,activation.dmelu,,0.00044700963,0.049569506,,6.251642e-05,3115,0.01,0.0001,20,2,,,10
3116,model_type.poincare,activation.dmelu,,0.00041652852,0.046189412,,7.062207e-05,3116,0.01,0.0001,20,2,,,10
3117,model_type.poincare,activation.dmelu,,0.00043265853,0.047978092,,6.884774e-05,3117,0.01,0.0001,20,2,,,10
3118,model_type.poincare,activation.dmelu,,0.00042592906,0.047231853,,6.109311e-05,3118,0.01,0.0001,20,2,,,10
3119,model_type.poincare,activation.dmelu,,0.00041661973,0.046199527,,6.1390216e-05,3119,0.01,0.0001,20,2,,,10
3120,model_type.poincare,activation.dmelu,,0.0004357473,0.04832061,,6.52773e-05,3120,0.01,0.0001,20,2,,,10
3121,model_type.poincare,activation.dmelu,,0.00041428357,0.045940466,,6.354191e-05,3121,0.01,0.0001,20,2,,,10
3122,model_type.poincare,activation.dmelu,,0.00041987968,0.04656103,,6.0313774e-05,3122,0.01,0.0001,20,2,,,10
3123,model_type.poincare,activation.dmelu,,0.000425773,0.047214545,,6.038922e-05,3123,0.01,0.0001,20,2,,,10
3124,model_type.poincare,activation.dmelu,,0.00041134228,0.045614302,,6.120807e-05,3124,0.01,0.0001,20,2,,,10
3125,model_type.poincare,activation.dmelu,,0.00042277295,0.046881866,,6.0308957e-05,3125,0.01,0.0001,20,2,,,10
3126,model_type.poincare,activation.dmelu,,0.00041460324,0.045975916,,5.934846e-05,3126,0.01,0.0001,20,2,,,10
3127,model_type.poincare,activation.dmelu,,0.0004138754,0.045895204,,5.947516e-05,3127,0.01,0.0001,20,2,,,10
3128,model_type.poincare,activation.dmelu,,0.0004179694,0.046349194,,5.8876703e-05,3128,0.01,0.0001,20,2,,,10
3129,model_type.poincare,activation.dmelu,,0.0004087069,0.04532206,,5.7985388e-05,3129,0.01,0.0001,20,2,,,10
3130,model_type.poincare,activation.dmelu,,0.00041722623,0.046266783,,5.836675e-05,3130,0.01,0.0001,20,2,,,10
3131,model_type.poincare,activation.dmelu,,0.00041078942,0.045552995,,5.8571393e-05,3131,0.01,0.0001,20,2,,,10
3132,model_type.poincare,activation.dmelu,,0.0004092277,0.045379817,,5.7596266e-05,3132,0.01,0.0001,20,2,,,10
3133,model_type.poincare,activation.dmelu,,0.0004141296,0.045923393,,5.671994e-05,3133,0.01,0.0001,20,2,,,10
3134,model_type.poincare,activation.dmelu,,0.0004064009,0.04506635,,5.7119578e-05,3134,0.01,0.0001,20,2,,,10
3135,model_type.poincare,activation.dmelu,,0.00041327433,0.04582855,,5.774995e-05,3135,0.01,0.0001,20,2,,,10
3136,model_type.poincare,activation.dmelu,,0.00040788535,0.04523096,,5.6990535e-05,3136,0.01,0.0001,20,2,,,10
3137,model_type.poincare,activation.dmelu,,0.00040631433,0.045056745,,5.5994977e-05,3137,0.01,0.0001,20,2,,,10
3138,model_type.poincare,activation.dmelu,,0.00041280017,0.045775972,,5.6216777e-05,3138,0.01,0.0001,20,2,,,10
3139,model_type.poincare,activation.dmelu,,0.00040427834,0.044830974,,5.681193e-05,3139,0.01,0.0001,20,2,,,10
3140,model_type.poincare,activation.dmelu,,0.00040983956,0.045447666,,5.656646e-05,3140,0.01,0.0001,20,2,,,10
3141,model_type.poincare,activation.dmelu,,0.00040773957,0.045214795,,5.576507e-05,3141,0.01,0.0001,20,2,,,10
3142,model_type.poincare,activation.dmelu,,0.00040448006,0.04485334,,5.5615554e-05,3142,0.01,0.0001,20,2,,,10
3143,model_type.poincare,activation.dmelu,,0.0004109132,0.045566723,,5.600889e-05,3143,0.01,0.0001,20,2,,,10
3144,model_type.poincare,activation.dmelu,,0.0004040199,0.044802316,,5.605208e-05,3144,0.01,0.0001,20,2,,,10
3145,model_type.poincare,activation.dmelu,,0.00040758567,0.04519773,,5.5683744e-05,3145,0.01,0.0001,20,2,,,10
3146,model_type.poincare,activation.dmelu,,0.00040746276,0.0451841,,5.5348337e-05,3146,0.01,0.0001,20,2,,,10
3147,model_type.poincare,activation.dmelu,,0.00040401696,0.044801988,,5.5420347e-05,3147,0.01,0.0001,20,2,,,10
3148,model_type.poincare,activation.dmelu,,0.000409146,0.045370758,,5.5559958e-05,3148,0.01,0.0001,20,2,,,10
3149,model_type.poincare,activation.dmelu,,0.0004040534,0.04480603,,5.5444612e-05,3149,0.01,0.0001,20,2,,,10
3150,model_type.poincare,activation.dmelu,,0.00040665336,0.04509434,,5.526466e-05,3150,0.01,0.0001,20,2,,,10
3151,model_type.poincare,activation.dmelu,,0.00040697318,0.04512981,,5.511915e-05,3151,0.01,0.0001,20,2,,,10
3152,model_type.poincare,activation.dmelu,,0.00040380924,0.044778954,,5.5145865e-05,3152,0.01,0.0001,20,2,,,10
3153,model_type.poincare,activation.dmelu,,0.0004080212,0.045246024,,5.5173292e-05,3153,0.01,0.0001,20,2,,,10
3154,model_type.poincare,activation.dmelu,,0.00040437133,0.044841286,,5.507331e-05,3154,0.01,0.0001,20,2,,,10
3155,model_type.poincare,activation.dmelu,,0.0004060157,0.04502363,,5.499837e-05,3155,0.01,0.0001,20,2,,,10
3156,model_type.poincare,activation.dmelu,,0.0004064282,0.045069374,,5.4921526e-05,3156,0.01,0.0001,20,2,,,10
3157,model_type.poincare,activation.dmelu,,0.00040417234,0.04481922,,5.490581e-05,3157,0.01,0.0001,20,2,,,10
3158,model_type.poincare,activation.dmelu,,0.0004071145,0.04514548,,5.487852e-05,3158,0.01,0.0001,20,2,,,10
3159,model_type.poincare,activation.dmelu,,0.000404579,0.044864316,,5.481476e-05,3159,0.01,0.0001,20,2,,,10
3160,model_type.poincare,activation.dmelu,,0.00040587393,0.04500791,,5.480948e-05,3160,0.01,0.0001,20,2,,,10
3161,model_type.poincare,activation.dmelu,,0.00040591738,0.045012727,,5.4756867e-05,3161,0.01,0.0001,20,2,,,10
3162,model_type.poincare,activation.dmelu,,0.00040460489,0.044867184,,5.4700085e-05,3162,0.01,0.0001,20,2,,,10
3163,model_type.poincare,activation.dmelu,,0.00040646442,0.04507339,,5.465387e-05,3163,0.01,0.0001,20,2,,,10
3164,model_type.poincare,activation.dmelu,,0.00040481475,0.044890456,,5.4642653e-05,3164,0.01,0.0001,20,2,,,10
3165,model_type.poincare,activation.dmelu,,0.000405856,0.04500592,,5.4663644e-05,3165,0.01,0.0001,20,2,,,10
3166,model_type.poincare,activation.dmelu,,0.00040539194,0.044954464,,5.4597407e-05,3166,0.01,0.0001,20,2,,,10
3167,model_type.poincare,activation.dmelu,,0.00040515847,0.044928573,,5.453276e-05,3167,0.01,0.0001,20,2,,,10
3168,model_type.poincare,activation.dmelu,,0.00040593583,0.045014776,,5.450738e-05,3168,0.01,0.0001,20,2,,,10
3169,model_type.poincare,activation.dmelu,,0.00040484188,0.044893466,,5.4517106e-05,3169,0.01,0.0001,20,2,,,10
3170,model_type.poincare,activation.dmelu,,0.0004059891,0.04502068,,5.451665e-05,3170,0.01,0.0001,20,2,,,10
3171,model_type.poincare,activation.dmelu,,0.0004049748,0.044908203,,5.4453634e-05,3171,0.01,0.0001,20,2,,,10
3172,model_type.poincare,activation.dmelu,,0.0004054022,0.0449556,,5.4417145e-05,3172,0.01,0.0001,20,2,,,10
3173,model_type.poincare,activation.dmelu,,0.00040562672,0.044980496,,5.440033e-05,3173,0.01,0.0001,20,2,,,10
3174,model_type.poincare,activation.dmelu,,0.0004048835,0.04489808,,5.4399097e-05,3174,0.01,0.0001,20,2,,,10
3175,model_type.poincare,activation.dmelu,,0.0004058106,0.04500089,,5.4379514e-05,3175,0.01,0.0001,20,2,,,10
3176,model_type.poincare,activation.dmelu,,0.0004048221,0.04489127,,5.4337943e-05,3176,0.01,0.0001,20,2,,,10
3177,model_type.poincare,activation.dmelu,,0.00040551365,0.04496796,,5.432248e-05,3177,0.01,0.0001,20,2,,,10
3178,model_type.poincare,activation.dmelu,,0.00040521804,0.044935178,,5.430078e-05,3178,0.01,0.0001,20,2,,,10
3179,model_type.poincare,activation.dmelu,,0.0004050247,0.04491374,,5.4288983e-05,3179,0.01,0.0001,20,2,,,10
3180,model_type.poincare,activation.dmelu,,0.00040552992,0.044969764,,5.426427e-05,3180,0.01,0.0001,20,2,,,10
3181,model_type.poincare,activation.dmelu,,0.0004047293,0.044880982,,5.4237087e-05,3181,0.01,0.0001,20,2,,,10
3182,model_type.poincare,activation.dmelu,,0.00040550315,0.044966795,,5.4226253e-05,3182,0.01,0.0001,20,2,,,10
3183,model_type.poincare,activation.dmelu,,0.0004049144,0.04490151,,5.4202355e-05,3183,0.01,0.0001,20,2,,,10
3184,model_type.poincare,activation.dmelu,,0.00040512162,0.044924486,,5.41879e-05,3184,0.01,0.0001,20,2,,,10
3185,model_type.poincare,activation.dmelu,,0.00040519828,0.044932988,,5.4163233e-05,3185,0.01,0.0001,20,2,,,10
3186,model_type.poincare,activation.dmelu,,0.00040477887,0.044886477,,5.414189e-05,3186,0.01,0.0001,20,2,,,10
3187,model_type.poincare,activation.dmelu,,0.0004053552,0.04495039,,5.412478e-05,3187,0.01,0.0001,20,2,,,10
3188,model_type.poincare,activation.dmelu,,0.00040472546,0.044880554,,5.4104803e-05,3188,0.01,0.0001,20,2,,,10
3189,model_type.poincare,activation.dmelu,,0.00040516307,0.044929083,,5.408918e-05,3189,0.01,0.0001,20,2,,,10
3190,model_type.poincare,activation.dmelu,,0.00040494636,0.04490505,,5.4066033e-05,3190,0.01,0.0001,20,2,,,10
3191,model_type.poincare,activation.dmelu,,0.00040482637,0.044891745,,5.4046523e-05,3191,0.01,0.0001,20,2,,,10
3192,model_type.poincare,activation.dmelu,,0.0004051203,0.04492434,,5.402484e-05,3192,0.01,0.0001,20,2,,,10
3193,model_type.poincare,activation.dmelu,,0.00040473428,0.044881534,,5.4008844e-05,3193,0.01,0.0001,20,2,,,10
3194,model_type.poincare,activation.dmelu,,0.00040501967,0.04491318,,5.39894e-05,3194,0.01,0.0001,20,2,,,10
3195,model_type.poincare,activation.dmelu,,0.00040478873,0.044887573,,5.3967146e-05,3195,0.01,0.0001,20,2,,,10
3196,model_type.poincare,activation.dmelu,,0.00040487183,0.044896785,,5.394907e-05,3196,0.01,0.0001,20,2,,,10
3197,model_type.poincare,activation.dmelu,,0.00040482538,0.044891637,,5.392624e-05,3197,0.01,0.0001,20,2,,,10
3198,model_type.poincare,activation.dmelu,,0.00040478955,0.044887662,,5.3911604e-05,3198,0.01,0.0001,20,2,,,10
3199,model_type.poincare,activation.dmelu,,0.00040479863,0.044888668,,5.3888474e-05,3199,0.01,0.0001,20,2,,,10
3200,model_type.poincare,activation.dmelu,,0.0004046914,0.04487678,,5.3868378e-05,3200,0.01,0.0001,20,2,,,10
3201,model_type.poincare,activation.dmelu,,0.00040477986,0.04488659,,5.384826e-05,3201,0.01,0.0001,20,2,,,10
3202,model_type.poincare,activation.dmelu,,0.0004046243,0.044869337,,5.3827196e-05,3202,0.01,0.0001,20,2,,,10
3203,model_type.poincare,activation.dmelu,,0.0004047364,0.04488177,,5.381172e-05,3203,0.01,0.0001,20,2,,,10
3204,model_type.poincare,activation.dmelu,,0.00040455663,0.044861834,,5.378868e-05,3204,0.01,0.0001,20,2,,,10
3205,model_type.poincare,activation.dmelu,,0.00040463023,0.044869997,,5.3770127e-05,3205,0.01,0.0001,20,2,,,10
3206,model_type.poincare,activation.dmelu,,0.00040456472,0.044862732,,5.374781e-05,3206,0.01,0.0001,20,2,,,10
3207,model_type.poincare,activation.dmelu,,0.00040449572,0.04485508,,5.3728785e-05,3207,0.01,0.0001,20,2,,,10
3208,model_type.poincare,activation.dmelu,,0.0004045426,0.044860277,,5.3708893e-05,3208,0.01,0.0001,20,2,,,10
3209,model_type.poincare,activation.dmelu,,0.0004044071,0.044845253,,5.3688258e-05,3209,0.01,0.0001,20,2,,,10
3210,model_type.poincare,activation.dmelu,,0.0004044628,0.04485143,,5.3669242e-05,3210,0.01,0.0001,20,2,,,10
3211,model_type.poincare,activation.dmelu,,0.00040436097,0.044840135,,5.3648004e-05,3211,0.01,0.0001,20,2,,,10
3212,model_type.poincare,activation.dmelu,,0.0004043806,0.044842314,,5.362984e-05,3212,0.01,0.0001,20,2,,,10
3213,model_type.poincare,activation.dmelu,,0.00040428934,0.044832192,,5.3608146e-05,3213,0.01,0.0001,20,2,,,10
3214,model_type.poincare,activation.dmelu,,0.00040430628,0.044834074,,5.358932e-05,3214,0.01,0.0001,20,2,,,10
3215,model_type.poincare,activation.dmelu,,0.0004042246,0.044825014,,5.3567906e-05,3215,0.01,0.0001,20,2,,,10
3216,model_type.poincare,activation.dmelu,,0.00040422648,0.044825222,,5.3548592e-05,3216,0.01,0.0001,20,2,,,10
3217,model_type.poincare,activation.dmelu,,0.00040417176,0.044819154,,5.3528092e-05,3217,0.01,0.0001,20,2,,,10
3218,model_type.poincare,activation.dmelu,,0.00040413762,0.04481537,,5.3507654e-05,3218,0.01,0.0001,20,2,,,10
3219,model_type.poincare,activation.dmelu,,0.00040412263,0.044813707,,5.3488744e-05,3219,0.01,0.0001,20,2,,,10
3220,model_type.poincare,activation.dmelu,,0.0004040388,0.04480441,,5.346765e-05,3220,0.01,0.0001,20,2,,,10
3221,model_type.poincare,activation.dmelu,,0.00040408794,0.04480986,,5.3448333e-05,3221,0.01,0.0001,20,2,,,10
3222,model_type.poincare,activation.dmelu,,0.00040395037,0.044794604,,5.342776e-05,3222,0.01,0.0001,20,2,,,10
3223,model_type.poincare,activation.dmelu,,0.00040400797,0.044800993,,5.3408035e-05,3223,0.01,0.0001,20,2,,,10
3224,model_type.poincare,activation.dmelu,,0.00040390075,0.044789102,,5.3387474e-05,3224,0.01,0.0001,20,2,,,10
3225,model_type.poincare,activation.dmelu,,0.00040391053,0.044790186,,5.3367745e-05,3225,0.01,0.0001,20,2,,,10
3226,model_type.poincare,activation.dmelu,,0.0004038592,0.044784494,,5.334712e-05,3226,0.01,0.0001,20,2,,,10
3227,model_type.poincare,activation.dmelu,,0.00040381623,0.04477973,,5.3327265e-05,3227,0.01,0.0001,20,2,,,10
3228,model_type.poincare,activation.dmelu,,0.00040379987,0.044777915,,5.330723e-05,3228,0.01,0.0001,20,2,,,10
3229,model_type.poincare,activation.dmelu,,0.00040373023,0.044770192,,5.3287353e-05,3229,0.01,0.0001,20,2,,,10
3230,model_type.poincare,activation.dmelu,,0.00040373355,0.04477056,,5.3267722e-05,3230,0.01,0.0001,20,2,,,10
3231,model_type.poincare,activation.dmelu,,0.00040366047,0.044762455,,5.324775e-05,3231,0.01,0.0001,20,2,,,10
3232,model_type.poincare,activation.dmelu,,0.0004036527,0.044761594,,5.3228083e-05,3232,0.01,0.0001,20,2,,,10
3233,model_type.poincare,activation.dmelu,,0.00040358503,0.04475409,,5.3207903e-05,3233,0.01,0.0001,20,2,,,10
3234,model_type.poincare,activation.dmelu,,0.0004035819,0.04475374,,5.3187516e-05,3234,0.01,0.0001,20,2,,,10
3235,model_type.poincare,activation.dmelu,,0.0004034997,0.04474463,,5.3167823e-05,3235,0.01,0.0001,20,2,,,10
3236,model_type.poincare,activation.dmelu,,0.00040351643,0.044746485,,5.314818e-05,3236,0.01,0.0001,20,2,,,10
3237,model_type.poincare,activation.dmelu,,0.00040342333,0.04473616,,5.3128395e-05,3237,0.01,0.0001,20,2,,,10
3238,model_type.poincare,activation.dmelu,,0.00040342135,0.044735942,,5.310864e-05,3238,0.01,0.0001,20,2,,,10
3239,model_type.poincare,activation.dmelu,,0.0004033729,0.044730566,,5.308876e-05,3239,0.01,0.0001,20,2,,,10
3240,model_type.poincare,activation.dmelu,,0.00040332237,0.044724964,,5.3069405e-05,3240,0.01,0.0001,20,2,,,10
3241,model_type.poincare,activation.dmelu,,0.00040331113,0.04472372,,5.3049876e-05,3241,0.01,0.0001,20,2,,,10
3242,model_type.poincare,activation.dmelu,,0.00040323025,0.04471475,,5.3029908e-05,3242,0.01,0.0001,20,2,,,10
3243,model_type.poincare,activation.dmelu,,0.0004032409,0.04471593,,5.3010295e-05,3243,0.01,0.0001,20,2,,,10
3244,model_type.poincare,activation.dmelu,,0.00040314885,0.044705722,,5.2991094e-05,3244,0.01,0.0001,20,2,,,10
3245,model_type.poincare,activation.dmelu,,0.00040316212,0.044707194,,5.2970998e-05,3245,0.01,0.0001,20,2,,,10
3246,model_type.poincare,activation.dmelu,,0.00040307175,0.044697173,,5.295144e-05,3246,0.01,0.0001,20,2,,,10
3247,model_type.poincare,activation.dmelu,,0.0004030776,0.04469782,,5.29322e-05,3247,0.01,0.0001,20,2,,,10
3248,model_type.poincare,activation.dmelu,,0.00040299413,0.044688568,,5.291248e-05,3248,0.01,0.0001,20,2,,,10
3249,model_type.poincare,activation.dmelu,,0.00040300007,0.044689223,,5.289304e-05,3249,0.01,0.0001,20,2,,,10
3250,model_type.poincare,activation.dmelu,,0.00040290155,0.0446783,,5.2873605e-05,3250,0.01,0.0001,20,2,,,10
3251,model_type.poincare,activation.dmelu,,0.00040293325,0.044681814,,5.2854866e-05,3251,0.01,0.0001,20,2,,,10
3252,model_type.poincare,activation.dmelu,,0.00040281148,0.044668313,,5.2834646e-05,3252,0.01,0.0001,20,2,,,10
3253,model_type.poincare,activation.dmelu,,0.0004028561,0.04467326,,5.2816333e-05,3253,0.01,0.0001,20,2,,,10
3254,model_type.poincare,activation.dmelu,,0.00040272373,0.044658583,,5.2796233e-05,3254,0.01,0.0001,20,2,,,10
3255,model_type.poincare,activation.dmelu,,0.00040278505,0.04466538,,5.2777763e-05,3255,0.01,0.0001,20,2,,,10
3256,model_type.poincare,activation.dmelu,,0.00040262644,0.04464779,,5.2757267e-05,3256,0.01,0.0001,20,2,,,10
3257,model_type.poincare,activation.dmelu,,0.0004027185,0.044658,,5.273918e-05,3257,0.01,0.0001,20,2,,,10
3258,model_type.poincare,activation.dmelu,,0.0004025229,0.044636313,,5.271905e-05,3258,0.01,0.0001,20,2,,,10
3259,model_type.poincare,activation.dmelu,,0.00040266354,0.044651907,,5.2701984e-05,3259,0.01,0.0001,20,2,,,10
3260,model_type.poincare,activation.dmelu,,0.00040239785,0.044622444,,5.2680705e-05,3260,0.01,0.0001,20,2,,,10
3261,model_type.poincare,activation.dmelu,,0.0004026372,0.044648986,,5.2664207e-05,3261,0.01,0.0001,20,2,,,10
3262,model_type.poincare,activation.dmelu,,0.00040224343,0.04460532,,5.2642856e-05,3262,0.01,0.0001,20,2,,,10
3263,model_type.poincare,activation.dmelu,,0.00040264588,0.044649947,,5.2628253e-05,3263,0.01,0.0001,20,2,,,10
3264,model_type.poincare,activation.dmelu,,0.000402048,0.04458365,,5.2605454e-05,3264,0.01,0.0001,20,2,,,10
3265,model_type.poincare,activation.dmelu,,0.00040270662,0.044656683,,5.259387e-05,3265,0.01,0.0001,20,2,,,10
3266,model_type.poincare,activation.dmelu,,0.00040178275,0.044554234,,5.2570696e-05,3266,0.01,0.0001,20,2,,,10
3267,model_type.poincare,activation.dmelu,,0.00040288075,0.04467599,,5.2564497e-05,3267,0.01,0.0001,20,2,,,10
3268,model_type.poincare,activation.dmelu,,0.00040138132,0.04450972,,5.254119e-05,3268,0.01,0.0001,20,2,,,10
3269,model_type.poincare,activation.dmelu,,0.00040325022,0.044716965,,5.25487e-05,3269,0.01,0.0001,20,2,,,10
3270,model_type.poincare,activation.dmelu,,0.00040076798,0.044441704,,5.2530315e-05,3270,0.01,0.0001,20,2,,,10
3271,model_type.poincare,activation.dmelu,,0.000404006,0.044800773,,5.2570766e-05,3271,0.01,0.0001,20,2,,,10
3272,model_type.poincare,activation.dmelu,,0.00039978445,0.04433264,,5.2580595e-05,3272,0.01,0.0001,20,2,,,10
3273,model_type.poincare,activation.dmelu,,0.00040554706,0.044971664,,5.2709725e-05,3273,0.01,0.0001,20,2,,,10
3274,model_type.poincare,activation.dmelu,,0.00039822995,0.044160258,,5.2826515e-05,3274,0.01,0.0001,20,2,,,10
3275,model_type.poincare,activation.dmelu,,0.0004088032,0.04533274,,5.322683e-05,3275,0.01,0.0001,20,2,,,10
3276,model_type.poincare,activation.dmelu,,0.00039605278,0.04391883,,5.3741085e-05,3276,0.01,0.0001,20,2,,,10
3277,model_type.poincare,activation.dmelu,,0.00041619467,0.04615239,,5.5025743e-05,3277,0.01,0.0001,20,2,,,10
3278,model_type.poincare,activation.dmelu,,0.00039424654,0.043718535,,5.7006117e-05,3278,0.01,0.0001,20,2,,,10
3279,model_type.poincare,activation.dmelu,,0.0004347928,0.048214763,,6.135744e-05,3279,0.01,0.0001,20,2,,,10
3280,model_type.poincare,activation.dmelu,,0.0003992028,0.044268142,,6.878709e-05,3280,0.01,0.0001,20,2,,,10
3281,model_type.poincare,activation.dmelu,,0.00048674308,0.0539756,,8.4209234e-05,3281,0.01,0.0001,20,2,,,10
3282,model_type.poincare,activation.dmelu,,0.000439458,0.048732094,,0.00011181029,3282,0.01,0.0001,20,2,,,10
3283,model_type.poincare,activation.dmelu,,0.00064100744,0.07108218,,0.00016708467,3283,0.01,0.0001,20,2,,,10
3284,model_type.poincare,activation.dmelu,,0.0006114609,0.06780573,,0.0002641123,3284,0.01,0.0001,20,2,,,10
3285,model_type.poincare,activation.dmelu,,0.0010436607,0.115732946,,0.00044333737,3285,0.01,0.0001,20,2,,,10
3286,model_type.poincare,activation.dmelu,,0.0010210117,0.11322138,,0.0007025813,3286,0.01,0.0001,20,2,,,10
3287,model_type.poincare,activation.dmelu,,0.0014827759,0.16442703,,0.0010451104,3287,0.01,0.0001,20,2,,,10
3288,model_type.poincare,activation.dmelu,,0.0009776227,0.108409904,,0.0011942601,3288,0.01,0.0001,20,2,,,10
3289,model_type.poincare,activation.dmelu,,0.0008246079,0.09144189,,0.001009238,3289,0.01,0.0001,20,2,,,10
3290,model_type.poincare,activation.dmelu,,0.0004136181,0.045866672,,0.00043823934,3290,0.01,0.0001,20,2,,,10
3291,model_type.poincare,activation.dmelu,,0.00053102995,0.058886632,,0.00010413959,3291,0.01,0.0001,20,2,,,10
3292,model_type.poincare,activation.dmelu,,0.00091231725,0.101168096,,0.0002763802,3292,0.01,0.0001,20,2,,,10
3293,model_type.poincare,activation.dmelu,,0.00060413074,0.06699288,,0.0005299803,3293,0.01,0.0001,20,2,,,10
3294,model_type.poincare,activation.dmelu,,0.00051968085,0.057628114,,0.00042065218,3294,0.01,0.0001,20,2,,,10
3295,model_type.poincare,activation.dmelu,,0.000523966,0.058103297,,0.00012660891,3295,0.01,0.0001,20,2,,,10
3296,model_type.poincare,activation.dmelu,,0.0005478136,0.060747795,,0.00015193586,3296,0.01,0.0001,20,2,,,10
3297,model_type.poincare,activation.dmelu,,0.00065774855,0.07293863,,0.00033206682,3297,0.01,0.0001,20,2,,,10
3298,model_type.poincare,activation.dmelu,,0.00043848346,0.048624028,,0.00025330286,3298,0.01,0.0001,20,2,,,10
3299,model_type.poincare,activation.dmelu,,0.00045617382,0.050585732,,0.0001054373,3299,0.01,0.0001,20,2,,,10
3300,model_type.poincare,activation.dmelu,,0.0006217436,0.068946,,0.00016138788,3300,0.01,0.0001,20,2,,,10
3301,model_type.poincare,activation.dmelu,,0.00043284643,0.047998928,,0.00022595834,3301,0.01,0.0001,20,2,,,10
3302,model_type.poincare,activation.dmelu,,0.00045261887,0.05019152,,0.00014045225,3302,0.01,0.0001,20,2,,,10
3303,model_type.poincare,activation.dmelu,,0.0005476876,0.060733818,,9.7195065e-05,3303,0.01,0.0001,20,2,,,10
3304,model_type.poincare,activation.dmelu,,0.0004378478,0.048553538,,0.00015762655,3304,0.01,0.0001,20,2,,,10
3305,model_type.poincare,activation.dmelu,,0.00047390745,0.05255224,,0.00015032357,3305,0.01,0.0001,20,2,,,10
3306,model_type.poincare,activation.dmelu,,0.00048033195,0.053264663,,9.459467e-05,3306,0.01,0.0001,20,2,,,10
3307,model_type.poincare,activation.dmelu,,0.00043915343,0.04869832,,0.00011052029,3307,0.01,0.0001,20,2,,,10
3308,model_type.poincare,activation.dmelu,,0.00048465197,0.053743716,,0.00012868742,3308,0.01,0.0001,20,2,,,10
3309,model_type.poincare,activation.dmelu,,0.0004455891,0.04941198,,9.4549294e-05,3309,0.01,0.0001,20,2,,,10
3310,model_type.poincare,activation.dmelu,,0.00043777478,0.04854544,,9.1400194e-05,3310,0.01,0.0001,20,2,,,10
3311,model_type.poincare,activation.dmelu,,0.00047614597,0.052800473,,0.00010949168,3311,0.01,0.0001,20,2,,,10
3312,model_type.poincare,activation.dmelu,,0.00042986133,0.047667906,,9.0448324e-05,3312,0.01,0.0001,20,2,,,10
3313,model_type.poincare,activation.dmelu,,0.0004352406,0.04826442,,7.9690355e-05,3313,0.01,0.0001,20,2,,,10
3314,model_type.poincare,activation.dmelu,,0.0004628018,0.05132072,,9.2904884e-05,3314,0.01,0.0001,20,2,,,10
3315,model_type.poincare,activation.dmelu,,0.00041807556,0.046360966,,8.533663e-05,3315,0.01,0.0001,20,2,,,10
3316,model_type.poincare,activation.dmelu,,0.00043137503,0.047835764,,7.357707e-05,3316,0.01,0.0001,20,2,,,10
3317,model_type.poincare,activation.dmelu,,0.00045307152,0.050241716,,8.182787e-05,3317,0.01,0.0001,20,2,,,10
3318,model_type.poincare,activation.dmelu,,0.00041007163,0.0454734,,8.0806574e-05,3318,0.01,0.0001,20,2,,,10
3319,model_type.poincare,activation.dmelu,,0.0004263735,0.047281135,,6.879456e-05,3319,0.01,0.0001,20,2,,,10
3320,model_type.poincare,activation.dmelu,,0.00043934767,0.04871986,,7.1901086e-05,3320,0.01,0.0001,20,2,,,10
3321,model_type.poincare,activation.dmelu,,0.00040789935,0.045232512,,7.634622e-05,3321,0.01,0.0001,20,2,,,10
3322,model_type.poincare,activation.dmelu,,0.00042389418,0.0470062,,6.811757e-05,3322,0.01,0.0001,20,2,,,10
3323,model_type.poincare,activation.dmelu,,0.00042460178,0.047084667,,6.551539e-05,3323,0.01,0.0001,20,2,,,10
3324,model_type.poincare,activation.dmelu,,0.00040795823,0.045239042,,7.032211e-05,3324,0.01,0.0001,20,2,,,10
3325,model_type.poincare,activation.dmelu,,0.00041784067,0.04633492,,6.6962435e-05,3325,0.01,0.0001,20,2,,,10
3326,model_type.poincare,activation.dmelu,,0.00041347597,0.04585091,,6.19723e-05,3326,0.01,0.0001,20,2,,,10
3327,model_type.poincare,activation.dmelu,,0.0004086408,0.045314733,,6.5103675e-05,3327,0.01,0.0001,20,2,,,10
3328,model_type.poincare,activation.dmelu,,0.00041274313,0.045769647,,6.5586966e-05,3328,0.01,0.0001,20,2,,,10
3329,model_type.poincare,activation.dmelu,,0.000406208,0.04504496,,6.096208e-05,3329,0.01,0.0001,20,2,,,10
3330,model_type.poincare,activation.dmelu,,0.0004034524,0.044739384,,6.1009716e-05,3330,0.01,0.0001,20,2,,,10
3331,model_type.poincare,activation.dmelu,,0.00040952855,0.045413177,,6.258624e-05,3331,0.01,0.0001,20,2,,,10
3332,model_type.poincare,activation.dmelu,,0.00040288805,0.044676803,,6.0314298e-05,3332,0.01,0.0001,20,2,,,10
3333,model_type.poincare,activation.dmelu,,0.0003993254,0.044281736,,5.9173515e-05,3333,0.01,0.0001,20,2,,,10
3334,model_type.poincare,activation.dmelu,,0.00040563097,0.04498097,,6.014716e-05,3334,0.01,0.0001,20,2,,,10
3335,model_type.poincare,activation.dmelu,,0.0003980899,0.04414473,,5.9265654e-05,3335,0.01,0.0001,20,2,,,10
3336,model_type.poincare,activation.dmelu,,0.00039860315,0.044201646,,5.8042737e-05,3336,0.01,0.0001,20,2,,,10
3337,model_type.poincare,activation.dmelu,,0.0004019954,0.044577815,,5.8310583e-05,3337,0.01,0.0001,20,2,,,10
3338,model_type.poincare,activation.dmelu,,0.0003943011,0.043724585,,5.8015332e-05,3338,0.01,0.0001,20,2,,,10
3339,model_type.poincare,activation.dmelu,,0.0003969371,0.044016894,,5.7167694e-05,3339,0.01,0.0001,20,2,,,10
3340,model_type.poincare,activation.dmelu,,0.00039843918,0.044183463,,5.7173565e-05,3340,0.01,0.0001,20,2,,,10
3341,model_type.poincare,activation.dmelu,,0.00039316027,0.043598074,,5.7241334e-05,3341,0.01,0.0001,20,2,,,10
3342,model_type.poincare,activation.dmelu,,0.00039476223,0.04377572,,5.648323e-05,3342,0.01,0.0001,20,2,,,10
3343,model_type.poincare,activation.dmelu,,0.00039519585,0.043823805,,5.6083314e-05,3343,0.01,0.0001,20,2,,,10
3344,model_type.poincare,activation.dmelu,,0.000391,0.04335852,,5.645126e-05,3344,0.01,0.0001,20,2,,,10
3345,model_type.poincare,activation.dmelu,,0.0003938928,0.04367931,,5.6064026e-05,3345,0.01,0.0001,20,2,,,10
3346,model_type.poincare,activation.dmelu,,0.00039266748,0.04354343,,5.5384244e-05,3346,0.01,0.0001,20,2,,,10
3347,model_type.poincare,activation.dmelu,,0.00038935433,0.04317603,,5.5709854e-05,3347,0.01,0.0001,20,2,,,10
3348,model_type.poincare,activation.dmelu,,0.0003931268,0.043594364,,5.5789398e-05,3348,0.01,0.0001,20,2,,,10
3349,model_type.poincare,activation.dmelu,,0.0003891082,0.043148737,,5.5075783e-05,3349,0.01,0.0001,20,2,,,10
3350,model_type.poincare,activation.dmelu,,0.00038966135,0.043210074,,5.4923446e-05,3350,0.01,0.0001,20,2,,,10
3351,model_type.poincare,activation.dmelu,,0.00039170915,0.04343716,,5.5253324e-05,3351,0.01,0.0001,20,2,,,10
3352,model_type.poincare,activation.dmelu,,0.00038693682,0.04290795,,5.502241e-05,3352,0.01,0.0001,20,2,,,10
3353,model_type.poincare,activation.dmelu,,0.0003896234,0.04320587,,5.45712e-05,3353,0.01,0.0001,20,2,,,10
3354,model_type.poincare,activation.dmelu,,0.00038949866,0.043192036,,5.4620094e-05,3354,0.01,0.0001,20,2,,,10
3355,model_type.poincare,activation.dmelu,,0.000386946,0.042908967,,5.482352e-05,3355,0.01,0.0001,20,2,,,10
3356,model_type.poincare,activation.dmelu,,0.0003890528,0.04314259,,5.454972e-05,3356,0.01,0.0001,20,2,,,10
3357,model_type.poincare,activation.dmelu,,0.00038772135,0.042994946,,5.422321e-05,3357,0.01,0.0001,20,2,,,10
3358,model_type.poincare,activation.dmelu,,0.000386804,0.04289322,,5.438423e-05,3358,0.01,0.0001,20,2,,,10
3359,model_type.poincare,activation.dmelu,,0.00038874772,0.04310876,,5.441972e-05,3359,0.01,0.0001,20,2,,,10
3360,model_type.poincare,activation.dmelu,,0.0003866041,0.042871054,,5.4140764e-05,3360,0.01,0.0001,20,2,,,10
3361,model_type.poincare,activation.dmelu,,0.00038718944,0.042935964,,5.407967e-05,3361,0.01,0.0001,20,2,,,10
3362,model_type.poincare,activation.dmelu,,0.00038809335,0.0430362,,5.4164506e-05,3362,0.01,0.0001,20,2,,,10
3363,model_type.poincare,activation.dmelu,,0.00038577494,0.042779107,,5.4094726e-05,3363,0.01,0.0001,20,2,,,10
3364,model_type.poincare,activation.dmelu,,0.00038803887,0.043030158,,5.394175e-05,3364,0.01,0.0001,20,2,,,10
3365,model_type.poincare,activation.dmelu,,0.00038699215,0.042914085,,5.3911568e-05,3365,0.01,0.0001,20,2,,,10
3366,model_type.poincare,activation.dmelu,,0.00038637308,0.042845435,,5.3958986e-05,3366,0.01,0.0001,20,2,,,10
3367,model_type.poincare,activation.dmelu,,0.0003877535,0.04299851,,5.3875076e-05,3367,0.01,0.0001,20,2,,,10
3368,model_type.poincare,activation.dmelu,,0.00038626915,0.04283391,,5.3751086e-05,3368,0.01,0.0001,20,2,,,10
3369,model_type.poincare,activation.dmelu,,0.00038737137,0.042956136,,5.378667e-05,3369,0.01,0.0001,20,2,,,10
3370,model_type.poincare,activation.dmelu,,0.0003871855,0.042935524,,5.3794935e-05,3370,0.01,0.0001,20,2,,,10
3371,model_type.poincare,activation.dmelu,,0.00038629293,0.042836547,,5.369375e-05,3371,0.01,0.0001,20,2,,,10
3372,model_type.poincare,activation.dmelu,,0.00038746704,0.042966746,,5.365113e-05,3372,0.01,0.0001,20,2,,,10
3373,model_type.poincare,activation.dmelu,,0.00038688854,0.042902596,,5.3651853e-05,3373,0.01,0.0001,20,2,,,10
3374,model_type.poincare,activation.dmelu,,0.0003866499,0.04287613,,5.36402e-05,3374,0.01,0.0001,20,2,,,10
3375,model_type.poincare,activation.dmelu,,0.00038743444,0.042963132,,5.3574786e-05,3375,0.01,0.0001,20,2,,,10
3376,model_type.poincare,activation.dmelu,,0.0003863626,0.042844273,,5.3524924e-05,3376,0.01,0.0001,20,2,,,10
3377,model_type.poincare,activation.dmelu,,0.00038720467,0.04293765,,5.3538773e-05,3377,0.01,0.0001,20,2,,,10
3378,model_type.poincare,activation.dmelu,,0.00038701415,0.042916525,,5.351368e-05,3378,0.01,0.0001,20,2,,,10
3379,model_type.poincare,activation.dmelu,,0.00038640897,0.042849414,,5.3453045e-05,3379,0.01,0.0001,20,2,,,10
3380,model_type.poincare,activation.dmelu,,0.00038739966,0.042959273,,5.34357e-05,3380,0.01,0.0001,20,2,,,10
3381,model_type.poincare,activation.dmelu,,0.00038637745,0.04284592,,5.3429176e-05,3381,0.01,0.0001,20,2,,,10
3382,model_type.poincare,activation.dmelu,,0.00038693845,0.04290813,,5.340063e-05,3382,0.01,0.0001,20,2,,,10
3383,model_type.poincare,activation.dmelu,,0.00038691916,0.04290599,,5.3362553e-05,3383,0.01,0.0001,20,2,,,10
3384,model_type.poincare,activation.dmelu,,0.00038640332,0.04284879,,5.333442e-05,3384,0.01,0.0001,20,2,,,10
3385,model_type.poincare,activation.dmelu,,0.00038703575,0.04291892,,5.3331223e-05,3385,0.01,0.0001,20,2,,,10
3386,model_type.poincare,activation.dmelu,,0.00038649657,0.04285913,,5.3302832e-05,3386,0.01,0.0001,20,2,,,10
3387,model_type.poincare,activation.dmelu,,0.00038651362,0.042861022,,5.326377e-05,3387,0.01,0.0001,20,2,,,10
3388,model_type.poincare,activation.dmelu,,0.00038696674,0.04291127,,5.32455e-05,3388,0.01,0.0001,20,2,,,10
3389,model_type.poincare,activation.dmelu,,0.00038623405,0.042830016,,5.3234435e-05,3389,0.01,0.0001,20,2,,,10
3390,model_type.poincare,activation.dmelu,,0.00038670492,0.042882234,,5.3209937e-05,3390,0.01,0.0001,20,2,,,10
3391,model_type.poincare,activation.dmelu,,0.00038656563,0.04286679,,5.317823e-05,3391,0.01,0.0001,20,2,,,10
3392,model_type.poincare,activation.dmelu,,0.00038624858,0.04283163,,5.315589e-05,3392,0.01,0.0001,20,2,,,10
3393,model_type.poincare,activation.dmelu,,0.0003868223,0.04289525,,5.3143624e-05,3393,0.01,0.0001,20,2,,,10
3394,model_type.poincare,activation.dmelu,,0.0003861262,0.04281806,,5.3123233e-05,3394,0.01,0.0001,20,2,,,10
3395,model_type.poincare,activation.dmelu,,0.0003864969,0.042859163,,5.3091968e-05,3395,0.01,0.0001,20,2,,,10
3396,model_type.poincare,activation.dmelu,,0.00038644404,0.042853303,,5.306972e-05,3396,0.01,0.0001,20,2,,,10
3397,model_type.poincare,activation.dmelu,,0.0003861833,0.04282439,,5.3053805e-05,3397,0.01,0.0001,20,2,,,10
3398,model_type.poincare,activation.dmelu,,0.0003864802,0.042857315,,5.3034048e-05,3398,0.01,0.0001,20,2,,,10
3399,model_type.poincare,activation.dmelu,,0.0003861825,0.042824302,,5.300734e-05,3399,0.01,0.0001,20,2,,,10
3400,model_type.poincare,activation.dmelu,,0.000386171,0.042823028,,5.2983643e-05,3400,0.01,0.0001,20,2,,,10
3401,model_type.poincare,activation.dmelu,,0.00038642026,0.042850666,,5.2963267e-05,3401,0.01,0.0001,20,2,,,10
3402,model_type.poincare,activation.dmelu,,0.00038594476,0.042797938,,5.2945634e-05,3402,0.01,0.0001,20,2,,,10
3403,model_type.poincare,activation.dmelu,,0.0003863121,0.042838674,,5.2920146e-05,3403,0.01,0.0001,20,2,,,10
3404,model_type.poincare,activation.dmelu,,0.00038603437,0.042807877,,5.2896085e-05,3404,0.01,0.0001,20,2,,,10
3405,model_type.poincare,activation.dmelu,,0.00038602416,0.04280674,,5.2876465e-05,3405,0.01,0.0001,20,2,,,10
3406,model_type.poincare,activation.dmelu,,0.00038614136,0.04281974,,5.285502e-05,3406,0.01,0.0001,20,2,,,10
3407,model_type.poincare,activation.dmelu,,0.0003858942,0.04279233,,5.2833097e-05,3407,0.01,0.0001,20,2,,,10
3408,model_type.poincare,activation.dmelu,,0.0003859871,0.042802636,,5.2809926e-05,3408,0.01,0.0001,20,2,,,10
3409,model_type.poincare,activation.dmelu,,0.00038594176,0.042797606,,5.2786738e-05,3409,0.01,0.0001,20,2,,,10
3410,model_type.poincare,activation.dmelu,,0.00038578326,0.04278003,,5.2768384e-05,3410,0.01,0.0001,20,2,,,10
3411,model_type.poincare,activation.dmelu,,0.0003859434,0.042797785,,5.2744155e-05,3411,0.01,0.0001,20,2,,,10
3412,model_type.poincare,activation.dmelu,,0.00038569106,0.042769805,,5.2722226e-05,3412,0.01,0.0001,20,2,,,10
3413,model_type.poincare,activation.dmelu,,0.00038580663,0.04278262,,5.2700834e-05,3413,0.01,0.0001,20,2,,,10
3414,model_type.poincare,activation.dmelu,,0.00038568175,0.042768773,,5.267778e-05,3414,0.01,0.0001,20,2,,,10
3415,model_type.poincare,activation.dmelu,,0.00038566155,0.042766534,,5.265794e-05,3415,0.01,0.0001,20,2,,,10
3416,model_type.poincare,activation.dmelu,,0.00038564022,0.04276417,,5.263479e-05,3416,0.01,0.0001,20,2,,,10
3417,model_type.poincare,activation.dmelu,,0.00038558716,0.042758282,,5.2612104e-05,3417,0.01,0.0001,20,2,,,10
3418,model_type.poincare,activation.dmelu,,0.00038550273,0.04274892,,5.259258e-05,3418,0.01,0.0001,20,2,,,10
3419,model_type.poincare,activation.dmelu,,0.00038556248,0.042755548,,5.256819e-05,3419,0.01,0.0001,20,2,,,10
3420,model_type.poincare,activation.dmelu,,0.00038538652,0.042736035,,5.25488e-05,3420,0.01,0.0001,20,2,,,10
3421,model_type.poincare,activation.dmelu,,0.00038552348,0.042751223,,5.2526477e-05,3421,0.01,0.0001,20,2,,,10
3422,model_type.poincare,activation.dmelu,,0.00038526068,0.04272208,,5.2505362e-05,3422,0.01,0.0001,20,2,,,10
3423,model_type.poincare,activation.dmelu,,0.0003854852,0.04274698,,5.248458e-05,3423,0.01,0.0001,20,2,,,10
3424,model_type.poincare,activation.dmelu,,0.00038514115,0.042708825,,5.2464005e-05,3424,0.01,0.0001,20,2,,,10
3425,model_type.poincare,activation.dmelu,,0.0003854699,0.04274528,,5.2442818e-05,3425,0.01,0.0001,20,2,,,10
3426,model_type.poincare,activation.dmelu,,0.00038499868,0.042693026,,5.2426425e-05,3426,0.01,0.0001,20,2,,,10
3427,model_type.poincare,activation.dmelu,,0.00038547293,0.042745616,,5.2405307e-05,3427,0.01,0.0001,20,2,,,10
3428,model_type.poincare,activation.dmelu,,0.00038482292,0.042673536,,5.239523e-05,3428,0.01,0.0001,20,2,,,10
3429,model_type.poincare,activation.dmelu,,0.00038558833,0.042758413,,5.237919e-05,3429,0.01,0.0001,20,2,,,10
3430,model_type.poincare,activation.dmelu,,0.00038455025,0.042643297,,5.238282e-05,3430,0.01,0.0001,20,2,,,10
3431,model_type.poincare,activation.dmelu,,0.0003858739,0.04279008,,5.2384104e-05,3431,0.01,0.0001,20,2,,,10
3432,model_type.poincare,activation.dmelu,,0.00038417272,0.042601433,,5.2421077e-05,3432,0.01,0.0001,20,2,,,10
3433,model_type.poincare,activation.dmelu,,0.0003865085,0.042860452,,5.2472482e-05,3433,0.01,0.0001,20,2,,,10
3434,model_type.poincare,activation.dmelu,,0.00038372286,0.042551547,,5.2609612e-05,3434,0.01,0.0001,20,2,,,10
3435,model_type.poincare,activation.dmelu,,0.00038784824,0.043009017,,5.281276e-05,3435,0.01,0.0001,20,2,,,10
3436,model_type.poincare,activation.dmelu,,0.00038342975,0.042519044,,5.3243413e-05,3436,0.01,0.0001,20,2,,,10
3437,model_type.poincare,activation.dmelu,,0.000390965,0.043354638,,5.3927706e-05,3437,0.01,0.0001,20,2,,,10
3438,model_type.poincare,activation.dmelu,,0.00038421413,0.042606026,,5.5262368e-05,3438,0.01,0.0001,20,2,,,10
3439,model_type.poincare,activation.dmelu,,0.00039893313,0.044238236,,5.7498462e-05,3439,0.01,0.0001,20,2,,,10
3440,model_type.poincare,activation.dmelu,,0.0003896768,0.043211788,,6.171477e-05,3440,0.01,0.0001,20,2,,,10
3441,model_type.poincare,activation.dmelu,,0.0004208886,0.046672907,,6.901941e-05,3441,0.01,0.0001,20,2,,,10
3442,model_type.poincare,activation.dmelu,,0.0004125816,0.045751736,,8.2534294e-05,3442,0.01,0.0001,20,2,,,10
3443,model_type.poincare,activation.dmelu,,0.00048301078,0.05356172,,0.00010603222,3443,0.01,0.0001,20,2,,,10
3444,model_type.poincare,activation.dmelu,,0.0004892273,0.05425108,,0.0001478836,3444,0.01,0.0001,20,2,,,10
3445,model_type.poincare,activation.dmelu,,0.00063865504,0.07082132,,0.00021601014,3445,0.01,0.0001,20,2,,,10
3446,model_type.poincare,activation.dmelu,,0.0006597518,0.073160775,,0.0003215788,3446,0.01,0.0001,20,2,,,10
3447,model_type.poincare,activation.dmelu,,0.00084514375,0.09371914,,0.00044928823,3447,0.01,0.0001,20,2,,,10
3448,model_type.poincare,activation.dmelu,,0.0007177511,0.07959239,,0.00055671047,3448,0.01,0.0001,20,2,,,10
3449,model_type.poincare,activation.dmelu,,0.00067312253,0.07464347,,0.0005334253,3449,0.01,0.0001,20,2,,,10
3450,model_type.poincare,activation.dmelu,,0.0004242371,0.04704423,,0.0003549067,3450,0.01,0.0001,20,2,,,10
3451,model_type.poincare,activation.dmelu,,0.00039305404,0.043586295,,0.00013141846,3451,0.01,0.0001,20,2,,,10
3452,model_type.poincare,activation.dmelu,,0.00050309655,0.05578906,,6.238769e-05,3452,0.01,0.0001,20,2,,,10
3453,model_type.poincare,activation.dmelu,,0.0005233218,0.058031864,,0.00016691489,3453,0.01,0.0001,20,2,,,10
3454,model_type.poincare,activation.dmelu,,0.0005647496,0.06262585,,0.0002693775,3454,0.01,0.0001,20,2,,,10
3455,model_type.poincare,activation.dmelu,,0.00040555917,0.04497301,,0.00022819279,3455,0.01,0.0001,20,2,,,10
3456,model_type.poincare,activation.dmelu,,0.000399831,0.044337805,,0.000102643164,3456,0.01,0.0001,20,2,,,10
3457,model_type.poincare,activation.dmelu,,0.00047733996,0.052932877,,6.7546614e-05,3457,0.01,0.0001,20,2,,,10
3458,model_type.poincare,activation.dmelu,,0.00046078788,0.051097393,,0.00013937269,3458,0.01,0.0001,20,2,,,10
3459,model_type.poincare,activation.dmelu,,0.0004690244,0.052010752,,0.0001783472,3459,0.01,0.0001,20,2,,,10
3460,model_type.poincare,activation.dmelu,,0.00039013135,0.043262195,,0.0001232192,3460,0.01,0.0001,20,2,,,10
3461,model_type.poincare,activation.dmelu,,0.00041055048,0.0455265,,6.5459004e-05,3461,0.01,0.0001,20,2,,,10
3462,model_type.poincare,activation.dmelu,,0.00046642017,0.051721964,,8.6417655e-05,3462,0.01,0.0001,20,2,,,10
3463,model_type.poincare,activation.dmelu,,0.00041801782,0.046354562,,0.00012863557,3463,0.01,0.0001,20,2,,,10
3464,model_type.poincare,activation.dmelu,,0.00041543605,0.046068266,,0.000112536465,3464,0.01,0.0001,20,2,,,10
3465,model_type.poincare,activation.dmelu,,0.00040152998,0.044526204,,7.006579e-05,3465,0.01,0.0001,20,2,,,10
3466,model_type.poincare,activation.dmelu,,0.00041566123,0.046093237,,6.8708665e-05,3466,0.01,0.0001,20,2,,,10
3467,model_type.poincare,activation.dmelu,,0.00043637241,0.04838993,,9.616255e-05,3467,0.01,0.0001,20,2,,,10
3468,model_type.poincare,activation.dmelu,,0.00039275142,0.043552738,,9.696918e-05,3468,0.01,0.0001,20,2,,,10
3469,model_type.poincare,activation.dmelu,,0.00040014883,0.044373047,,7.019286e-05,3469,0.01,0.0001,20,2,,,10
3470,model_type.poincare,activation.dmelu,,0.00041199016,0.045686148,,6.1861894e-05,3470,0.01,0.0001,20,2,,,10
3471,model_type.poincare,activation.dmelu,,0.00040483827,0.044893064,,7.8421544e-05,3471,0.01,0.0001,20,2,,,10
3472,model_type.poincare,activation.dmelu,,0.00040676963,0.045107234,,8.3198436e-05,3472,0.01,0.0001,20,2,,,10
3473,model_type.poincare,activation.dmelu,,0.0003898794,0.043234255,,6.783273e-05,3473,0.01,0.0001,20,2,,,10
3474,model_type.poincare,activation.dmelu,,0.00039818665,0.044155456,,5.8579953e-05,3474,0.01,0.0001,20,2,,,10
3475,model_type.poincare,activation.dmelu,,0.00040676843,0.045107104,,6.715329e-05,3475,0.01,0.0001,20,2,,,10
3476,model_type.poincare,activation.dmelu,,0.00039281097,0.043559343,,7.404492e-05,3476,0.01,0.0001,20,2,,,10
3477,model_type.poincare,activation.dmelu,,0.0003914122,0.04340423,,6.5152184e-05,3477,0.01,0.0001,20,2,,,10
3478,model_type.poincare,activation.dmelu,,0.0003934914,0.0436348,,5.650986e-05,3478,0.01,0.0001,20,2,,,10
3479,model_type.poincare,activation.dmelu,,0.00039476767,0.043776322,,6.0378155e-05,3479,0.01,0.0001,20,2,,,10
3480,model_type.poincare,activation.dmelu,,0.00039486997,0.043787666,,6.644933e-05,3480,0.01,0.0001,20,2,,,10
3481,model_type.poincare,activation.dmelu,,0.00038751782,0.04297238,,6.331202e-05,3481,0.01,0.0001,20,2,,,10
3482,model_type.poincare,activation.dmelu,,0.00038592497,0.042795744,,5.579682e-05,3482,0.01,0.0001,20,2,,,10
3483,model_type.poincare,activation.dmelu,,0.00039326475,0.043609664,,5.5911456e-05,3483,0.01,0.0001,20,2,,,10
3484,model_type.poincare,activation.dmelu,,0.00038926318,0.043165922,,6.0980405e-05,3484,0.01,0.0001,20,2,,,10
3485,model_type.poincare,activation.dmelu,,0.00038528716,0.042725015,,6.0822436e-05,3485,0.01,0.0001,20,2,,,10
3486,model_type.poincare,activation.dmelu,,0.00038627183,0.042834207,,5.5987803e-05,3486,0.01,0.0001,20,2,,,10
3487,model_type.poincare,activation.dmelu,,0.00038328383,0.042502865,,5.3825406e-05,3487,0.01,0.0001,20,2,,,10
3488,model_type.poincare,activation.dmelu,,0.00038896222,0.043132547,,5.6643854e-05,3488,0.01,0.0001,20,2,,,10
3489,model_type.poincare,activation.dmelu,,0.00038417504,0.042601693,,5.8478894e-05,3489,0.01,0.0001,20,2,,,10
3490,model_type.poincare,activation.dmelu,,0.0003799728,0.0421357,,5.5848875e-05,3490,0.01,0.0001,20,2,,,10
3491,model_type.poincare,activation.dmelu,,0.00038484245,0.0426757,,5.322474e-05,3491,0.01,0.0001,20,2,,,10
3492,model_type.poincare,activation.dmelu,,0.00038063474,0.042209104,,5.3992848e-05,3492,0.01,0.0001,20,2,,,10
3493,model_type.poincare,activation.dmelu,,0.00038402152,0.04258467,,5.5942553e-05,3493,0.01,0.0001,20,2,,,10
3494,model_type.poincare,activation.dmelu,,0.00038009443,0.042149186,,5.552599e-05,3494,0.01,0.0001,20,2,,,10
3495,model_type.poincare,activation.dmelu,,0.00037743498,0.041854277,,5.3273165e-05,3495,0.01,0.0001,20,2,,,10
3496,model_type.poincare,activation.dmelu,,0.00038255105,0.042421605,,5.261395e-05,3496,0.01,0.0001,20,2,,,10
3497,model_type.poincare,activation.dmelu,,0.00037783253,0.041898362,,5.388085e-05,3497,0.01,0.0001,20,2,,,10
3498,model_type.poincare,activation.dmelu,,0.00038012493,0.04215257,,5.455506e-05,3498,0.01,0.0001,20,2,,,10
3499,model_type.poincare,activation.dmelu,,0.00037735462,0.041845366,,5.3554188e-05,3499,0.01,0.0001,20,2,,,10
3500,model_type.poincare,activation.dmelu,,0.00037619902,0.04171722,,5.2326814e-05,3500,0.01,0.0001,20,2,,,10
3501,model_type.poincare,activation.dmelu,,0.00037978386,0.042114746,,5.24714e-05,3501,0.01,0.0001,20,2,,,10
3502,model_type.poincare,activation.dmelu,,0.00037573025,0.041665237,,5.3326417e-05,3502,0.01,0.0001,20,2,,,10
3503,model_type.poincare,activation.dmelu,,0.00037758288,0.04187068,,5.3315358e-05,3503,0.01,0.0001,20,2,,,10
3504,model_type.poincare,activation.dmelu,,0.00037566485,0.041657984,,5.252051e-05,3504,0.01,0.0001,20,2,,,10
3505,model_type.poincare,activation.dmelu,,0.00037549224,0.041638844,,5.202597e-05,3505,0.01,0.0001,20,2,,,10
3506,model_type.poincare,activation.dmelu,,0.000377338,0.041843522,,5.2288677e-05,3506,0.01,0.0001,20,2,,,10
3507,model_type.poincare,activation.dmelu,,0.0003746516,0.041545626,,5.2698666e-05,3507,0.01,0.0001,20,2,,,10
3508,model_type.poincare,activation.dmelu,,0.00037593525,0.04168797,,5.2469964e-05,3508,0.01,0.0001,20,2,,,10
3509,model_type.poincare,activation.dmelu,,0.00037486307,0.041569073,,5.2000443e-05,3509,0.01,0.0001,20,2,,,10
3510,model_type.poincare,activation.dmelu,,0.00037494706,0.04157839,,5.186597e-05,3510,0.01,0.0001,20,2,,,10
3511,model_type.poincare,activation.dmelu,,0.00037564468,0.04165575,,5.2053918e-05,3511,0.01,0.0001,20,2,,,10
3512,model_type.poincare,activation.dmelu,,0.0003744836,0.041526996,,5.2213225e-05,3512,0.01,0.0001,20,2,,,10
3513,model_type.poincare,activation.dmelu,,0.00037477998,0.04155986,,5.1967105e-05,3513,0.01,0.0001,20,2,,,10
3514,model_type.poincare,activation.dmelu,,0.00037466612,0.041547235,,5.171609e-05,3514,0.01,0.0001,20,2,,,10
3515,model_type.poincare,activation.dmelu,,0.00037448743,0.04152742,,5.1703315e-05,3515,0.01,0.0001,20,2,,,10
3516,model_type.poincare,activation.dmelu,,0.0003749012,0.0415733,,5.1814448e-05,3516,0.01,0.0001,20,2,,,10
3517,model_type.poincare,activation.dmelu,,0.00037451697,0.041530695,,5.1871793e-05,3517,0.01,0.0001,20,2,,,10
3518,model_type.poincare,activation.dmelu,,0.00037410719,0.041485254,,5.1677493e-05,3518,0.01,0.0001,20,2,,,10
3519,model_type.poincare,activation.dmelu,,0.00037489523,0.04157264,,5.1544674e-05,3519,0.01,0.0001,20,2,,,10
3520,model_type.poincare,activation.dmelu,,0.00037404287,0.04147812,,5.1545914e-05,3520,0.01,0.0001,20,2,,,10
3521,model_type.poincare,activation.dmelu,,0.00037486164,0.041568916,,5.1606698e-05,3521,0.01,0.0001,20,2,,,10
3522,model_type.poincare,activation.dmelu,,0.00037436563,0.041513912,,5.162291e-05,3522,0.01,0.0001,20,2,,,10
3523,model_type.poincare,activation.dmelu,,0.00037402354,0.041475978,,5.1490017e-05,3523,0.01,0.0001,20,2,,,10
3524,model_type.poincare,activation.dmelu,,0.00037506668,0.04159165,,5.141433e-05,3524,0.01,0.0001,20,2,,,10
3525,model_type.poincare,activation.dmelu,,0.00037378466,0.041449487,,5.1410887e-05,3525,0.01,0.0001,20,2,,,10
3526,model_type.poincare,activation.dmelu,,0.00037506473,0.041591436,,5.1446557e-05,3526,0.01,0.0001,20,2,,,10
3527,model_type.poincare,activation.dmelu,,0.00037405553,0.041479524,,5.1447394e-05,3527,0.01,0.0001,20,2,,,10
3528,model_type.poincare,activation.dmelu,,0.00037441615,0.041519515,,5.13599e-05,3528,0.01,0.0001,20,2,,,10
3529,model_type.poincare,activation.dmelu,,0.0003748206,0.041564364,,5.1302548e-05,3529,0.01,0.0001,20,2,,,10
3530,model_type.poincare,activation.dmelu,,0.00037385614,0.041457415,,5.1291572e-05,3530,0.01,0.0001,20,2,,,10
3531,model_type.poincare,activation.dmelu,,0.00037509596,0.0415949,,5.1310268e-05,3531,0.01,0.0001,20,2,,,10
3532,model_type.poincare,activation.dmelu,,0.00037390157,0.04146245,,5.131522e-05,3532,0.01,0.0001,20,2,,,10
3533,model_type.poincare,activation.dmelu,,0.00037474936,0.041556466,,5.126538e-05,3533,0.01,0.0001,20,2,,,10
3534,model_type.poincare,activation.dmelu,,0.0003743796,0.041515462,,5.121676e-05,3534,0.01,0.0001,20,2,,,10
3535,model_type.poincare,activation.dmelu,,0.00037422436,0.041498248,,5.1197767e-05,3535,0.01,0.0001,20,2,,,10
3536,model_type.poincare,activation.dmelu,,0.0003747331,0.04155466,,5.1193725e-05,3536,0.01,0.0001,20,2,,,10
3537,model_type.poincare,activation.dmelu,,0.00037407147,0.041481294,,5.1204326e-05,3537,0.01,0.0001,20,2,,,10
3538,model_type.poincare,activation.dmelu,,0.0003746693,0.041547585,,5.117386e-05,3538,0.01,0.0001,20,2,,,10
3539,model_type.poincare,activation.dmelu,,0.00037421836,0.04149758,,5.1144365e-05,3539,0.01,0.0001,20,2,,,10
3540,model_type.poincare,activation.dmelu,,0.00037439368,0.041517023,,5.111759e-05,3540,0.01,0.0001,20,2,,,10
3541,model_type.poincare,activation.dmelu,,0.0003743878,0.04151637,,5.1101782e-05,3541,0.01,0.0001,20,2,,,10
3542,model_type.poincare,activation.dmelu,,0.00037427322,0.041503664,,5.1109182e-05,3542,0.01,0.0001,20,2,,,10
3543,model_type.poincare,activation.dmelu,,0.00037438615,0.04151619,,5.108733e-05,3543,0.01,0.0001,20,2,,,10
3544,model_type.poincare,activation.dmelu,,0.0003743156,0.041508365,,5.107262e-05,3544,0.01,0.0001,20,2,,,10
3545,model_type.poincare,activation.dmelu,,0.00037420169,0.041495733,,5.103945e-05,3545,0.01,0.0001,20,2,,,10
3546,model_type.poincare,activation.dmelu,,0.00037437008,0.041514408,,5.1024166e-05,3546,0.01,0.0001,20,2,,,10
3547,model_type.poincare,activation.dmelu,,0.00037416173,0.0414913,,5.1016737e-05,3547,0.01,0.0001,20,2,,,10
3548,model_type.poincare,activation.dmelu,,0.00037433844,0.0415109,,5.100212e-05,3548,0.01,0.0001,20,2,,,10
3549,model_type.poincare,activation.dmelu,,0.00037419,0.041494437,,5.099111e-05,3549,0.01,0.0001,20,2,,,10
3550,model_type.poincare,activation.dmelu,,0.00037415331,0.04149037,,5.096304e-05,3550,0.01,0.0001,20,2,,,10
3551,model_type.poincare,activation.dmelu,,0.00037429822,0.04150644,,5.094759e-05,3551,0.01,0.0001,20,2,,,10
3552,model_type.poincare,activation.dmelu,,0.00037402817,0.04147649,,5.093141e-05,3552,0.01,0.0001,20,2,,,10
3553,model_type.poincare,activation.dmelu,,0.00037435198,0.0415124,,5.091925e-05,3553,0.01,0.0001,20,2,,,10
3554,model_type.poincare,activation.dmelu,,0.00037393987,0.041466698,,5.090488e-05,3554,0.01,0.0001,20,2,,,10
3555,model_type.poincare,activation.dmelu,,0.00037428873,0.041505385,,5.088456e-05,3555,0.01,0.0001,20,2,,,10
3556,model_type.poincare,activation.dmelu,,0.00037398605,0.04147182,,5.0865732e-05,3556,0.01,0.0001,20,2,,,10
3557,model_type.poincare,activation.dmelu,,0.00037416272,0.04149141,,5.084903e-05,3557,0.01,0.0001,20,2,,,10
3558,model_type.poincare,activation.dmelu,,0.00037405005,0.041478917,,5.0831914e-05,3558,0.01,0.0001,20,2,,,10
3559,model_type.poincare,activation.dmelu,,0.00037403114,0.04147682,,5.0819708e-05,3559,0.01,0.0001,20,2,,,10
3560,model_type.poincare,activation.dmelu,,0.00037407165,0.041481312,,5.07995e-05,3560,0.01,0.0001,20,2,,,10
3561,model_type.poincare,activation.dmelu,,0.0003739741,0.041470494,,5.0784987e-05,3561,0.01,0.0001,20,2,,,10
3562,model_type.poincare,activation.dmelu,,0.00037402715,0.041476376,,5.0763847e-05,3562,0.01,0.0001,20,2,,,10
3563,model_type.poincare,activation.dmelu,,0.00037395846,0.04146876,,5.0747363e-05,3563,0.01,0.0001,20,2,,,10
3564,model_type.poincare,activation.dmelu,,0.00037394487,0.041467253,,5.0730385e-05,3564,0.01,0.0001,20,2,,,10
3565,model_type.poincare,activation.dmelu,,0.00037394458,0.041467223,,5.071287e-05,3565,0.01,0.0001,20,2,,,10
3566,model_type.poincare,activation.dmelu,,0.00037390098,0.041462388,,5.0698804e-05,3566,0.01,0.0001,20,2,,,10
3567,model_type.poincare,activation.dmelu,,0.00037387715,0.041459743,,5.0678518e-05,3567,0.01,0.0001,20,2,,,10
3568,model_type.poincare,activation.dmelu,,0.0003738935,0.041461557,,5.066318e-05,3568,0.01,0.0001,20,2,,,10
3569,model_type.poincare,activation.dmelu,,0.000373756,0.04144631,,5.064264e-05,3569,0.01,0.0001,20,2,,,10
3570,model_type.poincare,activation.dmelu,,0.0003739111,0.04146351,,5.0626408e-05,3570,0.01,0.0001,20,2,,,10
3571,model_type.poincare,activation.dmelu,,0.0003736651,0.04143623,,5.0609415e-05,3571,0.01,0.0001,20,2,,,10
3572,model_type.poincare,activation.dmelu,,0.00037388413,0.041460518,,5.0592498e-05,3572,0.01,0.0001,20,2,,,10
3573,model_type.poincare,activation.dmelu,,0.00037358372,0.041427206,,5.0574094e-05,3573,0.01,0.0001,20,2,,,10
3574,model_type.poincare,activation.dmelu,,0.00037383052,0.041454572,,5.0556948e-05,3574,0.01,0.0001,20,2,,,10
3575,model_type.poincare,activation.dmelu,,0.00037354373,0.041422773,,5.05378e-05,3575,0.01,0.0001,20,2,,,10
3576,model_type.poincare,activation.dmelu,,0.00037376463,0.041447267,,5.0523224e-05,3576,0.01,0.0001,20,2,,,10
3577,model_type.poincare,activation.dmelu,,0.00037346725,0.04141429,,5.050157e-05,3577,0.01,0.0001,20,2,,,10
3578,model_type.poincare,activation.dmelu,,0.00037374184,0.04144474,,5.0488754e-05,3578,0.01,0.0001,20,2,,,10
3579,model_type.poincare,activation.dmelu,,0.0003733444,0.041400667,,5.0465726e-05,3579,0.01,0.0001,20,2,,,10
3580,model_type.poincare,activation.dmelu,,0.00037378937,0.04145001,,5.04559e-05,3580,0.01,0.0001,20,2,,,10
3581,model_type.poincare,activation.dmelu,,0.00037314603,0.04137867,,5.043142e-05,3581,0.01,0.0001,20,2,,,10
3582,model_type.poincare,activation.dmelu,,0.00037388876,0.041461032,,5.0422623e-05,3582,0.01,0.0001,20,2,,,10
3583,model_type.poincare,activation.dmelu,,0.00037289507,0.04135084,,5.039854e-05,3583,0.01,0.0001,20,2,,,10
3584,model_type.poincare,activation.dmelu,,0.00037407596,0.04148179,,5.0394978e-05,3584,0.01,0.0001,20,2,,,10
3585,model_type.poincare,activation.dmelu,,0.00037255458,0.041313082,,5.0371415e-05,3585,0.01,0.0001,20,2,,,10
3586,model_type.poincare,activation.dmelu,,0.0003743877,0.04151636,,5.037788e-05,3586,0.01,0.0001,20,2,,,10
3587,model_type.poincare,activation.dmelu,,0.000372073,0.04125968,,5.0356164e-05,3587,0.01,0.0001,20,2,,,10
3588,model_type.poincare,activation.dmelu,,0.00037495274,0.04157902,,5.0388087e-05,3588,0.01,0.0001,20,2,,,10
3589,model_type.poincare,activation.dmelu,,0.0003713419,0.04117861,,5.0378996e-05,3589,0.01,0.0001,20,2,,,10
3590,model_type.poincare,activation.dmelu,,0.00037604457,0.04170009,,5.0471735e-05,3590,0.01,0.0001,20,2,,,10
3591,model_type.poincare,activation.dmelu,,0.0003701753,0.04104924,,5.0516883e-05,3591,0.01,0.0001,20,2,,,10
3592,model_type.poincare,activation.dmelu,,0.00037821464,0.041940734,,5.0767863e-05,3592,0.01,0.0001,20,2,,,10
3593,model_type.poincare,activation.dmelu,,0.00036843808,0.0408566,,5.1005754e-05,3593,0.01,0.0001,20,2,,,10
3594,model_type.poincare,activation.dmelu,,0.00038271456,0.042439736,,5.171163e-05,3594,0.01,0.0001,20,2,,,10
3595,model_type.poincare,activation.dmelu,,0.0003663099,0.0406206,,5.2610856e-05,3595,0.01,0.0001,20,2,,,10
3596,model_type.poincare,activation.dmelu,,0.00039281053,0.043559294,,5.4721822e-05,3596,0.01,0.0001,20,2,,,10
3597,model_type.poincare,activation.dmelu,,0.0003657829,0.040562164,,5.7893772e-05,3597,0.01,0.0001,20,2,,,10
3598,model_type.poincare,activation.dmelu,,0.00041775286,0.04632518,,6.4596774e-05,3598,0.01,0.0001,20,2,,,10
3599,model_type.poincare,activation.dmelu,,0.00037637833,0.041737106,,7.563644e-05,3599,0.01,0.0001,20,2,,,10
3600,model_type.poincare,activation.dmelu,,0.00048532657,0.05381852,,9.7838085e-05,3600,0.01,0.0001,20,2,,,10
3601,model_type.poincare,activation.dmelu,,0.00043470177,0.048204668,,0.00013573072,3601,0.01,0.0001,20,2,,,10
3602,model_type.poincare,activation.dmelu,,0.00067290745,0.07461962,,0.00020898953,3602,0.01,0.0001,20,2,,,10
3603,model_type.poincare,activation.dmelu,,0.0006416584,0.07115437,,0.00032843315,3603,0.01,0.0001,20,2,,,10
3604,model_type.poincare,activation.dmelu,,0.0010930334,0.12120795,,0.0005366795,3604,0.01,0.0001,20,2,,,10
3605,model_type.poincare,activation.dmelu,,0.0010099185,0.111991234,,0.0007943703,3605,0.01,0.0001,20,2,,,10
3606,model_type.poincare,activation.dmelu,,0.0013509635,0.14981018,,0.0010838239,3606,0.01,0.0001,20,2,,,10
3607,model_type.poincare,activation.dmelu,,0.0007689009,0.08526447,,0.0010768342,3607,0.01,0.0001,20,2,,,10
3608,model_type.poincare,activation.dmelu,,0.0006044705,0.06703056,,0.00075412943,3608,0.01,0.0001,20,2,,,10
3609,model_type.poincare,activation.dmelu,,0.0004111179,0.04558942,,0.00023452714,3609,0.01,0.0001,20,2,,,10
3610,model_type.poincare,activation.dmelu,,0.00050701626,0.05622372,,7.7421624e-05,3610,0.01,0.0001,20,2,,,10
3611,model_type.poincare,activation.dmelu,,0.00084813207,0.09405052,,0.0003311415,3611,0.01,0.0001,20,2,,,10
3612,model_type.poincare,activation.dmelu,,0.00047606986,0.052792035,,0.00048591665,3612,0.01,0.0001,20,2,,,10
3613,model_type.poincare,activation.dmelu,,0.00042506497,0.04713603,,0.00029169477,3613,0.01,0.0001,20,2,,,10
3614,model_type.poincare,activation.dmelu,,0.0005543951,0.061477624,,7.711647e-05,3614,0.01,0.0001,20,2,,,10
3615,model_type.poincare,activation.dmelu,,0.00050372625,0.055858888,,0.00018802803,3615,0.01,0.0001,20,2,,,10
3616,model_type.poincare,activation.dmelu,,0.000558467,0.061929163,,0.0003206365,3616,0.01,0.0001,20,2,,,10
3617,model_type.poincare,activation.dmelu,,0.00040554427,0.044971354,,0.00017936526,3617,0.01,0.0001,20,2,,,10
3618,model_type.poincare,activation.dmelu,,0.0004377961,0.0485478,,7.4315016e-05,3618,0.01,0.0001,20,2,,,10
3619,model_type.poincare,activation.dmelu,,0.0005815384,0.064487584,,0.000179807,3619,0.01,0.0001,20,2,,,10
3620,model_type.poincare,activation.dmelu,,0.00038701762,0.04291691,,0.00020685125,3620,0.01,0.0001,20,2,,,10
3621,model_type.poincare,activation.dmelu,,0.0004101928,0.045486834,,9.596086e-05,3621,0.01,0.0001,20,2,,,10
3622,model_type.poincare,activation.dmelu,,0.0005354526,0.059377067,,9.083053e-05,3622,0.01,0.0001,20,2,,,10
3623,model_type.poincare,activation.dmelu,,0.0004024203,0.044624932,,0.00016361242,3623,0.01,0.0001,20,2,,,10
3624,model_type.poincare,activation.dmelu,,0.0004112936,0.045608904,,0.00012596165,3624,0.01,0.0001,20,2,,,10
3625,model_type.poincare,activation.dmelu,,0.00047143165,0.052277695,,6.757032e-05,3625,0.01,0.0001,20,2,,,10
3626,model_type.poincare,activation.dmelu,,0.0004133943,0.045841854,,0.00011210585,3626,0.01,0.0001,20,2,,,10
3627,model_type.poincare,activation.dmelu,,0.0004300925,0.047693543,,0.0001290265,3627,0.01,0.0001,20,2,,,10
3628,model_type.poincare,activation.dmelu,,0.0004226575,0.046869062,,7.370865e-05,3628,0.01,0.0001,20,2,,,10
3629,model_type.poincare,activation.dmelu,,0.0004047631,0.04488473,,7.8390585e-05,3629,0.01,0.0001,20,2,,,10
3630,model_type.poincare,activation.dmelu,,0.00044277828,0.049100284,,0.00011176713,3630,0.01,0.0001,20,2,,,10
3631,model_type.poincare,activation.dmelu,,0.00040046757,0.044408392,,8.3332816e-05,3631,0.01,0.0001,20,2,,,10
3632,model_type.poincare,activation.dmelu,,0.00039418333,0.043711524,,6.458281e-05,3632,0.01,0.0001,20,2,,,10
3633,model_type.poincare,activation.dmelu,,0.00043837444,0.048611935,,8.990882e-05,3633,0.01,0.0001,20,2,,,10
3634,model_type.poincare,activation.dmelu,,0.00038857188,0.043089263,,8.509988e-05,3634,0.01,0.0001,20,2,,,10
3635,model_type.poincare,activation.dmelu,,0.00038974851,0.04321974,,6.282206e-05,3635,0.01,0.0001,20,2,,,10
3636,model_type.poincare,activation.dmelu,,0.00042919128,0.047593605,,7.340715e-05,3636,0.01,0.0001,20,2,,,10
3637,model_type.poincare,activation.dmelu,,0.00038059553,0.042204756,,8.0472564e-05,3637,0.01,0.0001,20,2,,,10
3638,model_type.poincare,activation.dmelu,,0.00038623792,0.04283045,,6.451382e-05,3638,0.01,0.0001,20,2,,,10
3639,model_type.poincare,activation.dmelu,,0.0004172127,0.04626528,,6.3520216e-05,3639,0.01,0.0001,20,2,,,10
3640,model_type.poincare,activation.dmelu,,0.00037753588,0.041865464,,7.367237e-05,3640,0.01,0.0001,20,2,,,10
3641,model_type.poincare,activation.dmelu,,0.00038594048,0.042797465,,6.6124165e-05,3641,0.01,0.0001,20,2,,,10
3642,model_type.poincare,activation.dmelu,,0.00040190516,0.04456781,,5.8512185e-05,3642,0.01,0.0001,20,2,,,10
3643,model_type.poincare,activation.dmelu,,0.0003747181,0.041552998,,6.638154e-05,3643,0.01,0.0001,20,2,,,10
3644,model_type.poincare,activation.dmelu,,0.0003880433,0.043030646,,6.64435e-05,3644,0.01,0.0001,20,2,,,10
3645,model_type.poincare,activation.dmelu,,0.00038825537,0.043054163,,5.7383535e-05,3645,0.01,0.0001,20,2,,,10
3646,model_type.poincare,activation.dmelu,,0.0003726566,0.041324396,,5.983476e-05,3646,0.01,0.0001,20,2,,,10
3647,model_type.poincare,activation.dmelu,,0.0003887083,0.043104388,,6.4436535e-05,3647,0.01,0.0001,20,2,,,10
3648,model_type.poincare,activation.dmelu,,0.00037709868,0.041816983,,5.8419882e-05,3648,0.01,0.0001,20,2,,,10
3649,model_type.poincare,activation.dmelu,,0.0003714157,0.04118679,,5.595218e-05,3649,0.01,0.0001,20,2,,,10
3650,model_type.poincare,activation.dmelu,,0.00038747967,0.042968147,,6.049026e-05,3650,0.01,0.0001,20,2,,,10
3651,model_type.poincare,activation.dmelu,,0.0003702788,0.04106072,,5.9110705e-05,3651,0.01,0.0001,20,2,,,10
3652,model_type.poincare,activation.dmelu,,0.00037021755,0.041053925,,5.507974e-05,3652,0.01,0.0001,20,2,,,10
3653,model_type.poincare,activation.dmelu,,0.00038289186,0.0424594,,5.664119e-05,3653,0.01,0.0001,20,2,,,10
3654,model_type.poincare,activation.dmelu,,0.00036715114,0.040713888,,5.824877e-05,3654,0.01,0.0001,20,2,,,10
3655,model_type.poincare,activation.dmelu,,0.00037048556,0.041083645,,5.558636e-05,3655,0.01,0.0001,20,2,,,10
3656,model_type.poincare,activation.dmelu,,0.00037681067,0.041785046,,5.43609e-05,3656,0.01,0.0001,20,2,,,10
3657,model_type.poincare,activation.dmelu,,0.0003649547,0.04047032,,5.6328936e-05,3657,0.01,0.0001,20,2,,,10
3658,model_type.poincare,activation.dmelu,,0.00037073198,0.041110974,,5.59813e-05,3658,0.01,0.0001,20,2,,,10
3659,model_type.poincare,activation.dmelu,,0.00037157917,0.04120492,,5.3698303e-05,3659,0.01,0.0001,20,2,,,10
3660,model_type.poincare,activation.dmelu,,0.0003639204,0.040355626,,5.4312834e-05,3660,0.01,0.0001,20,2,,,10
3661,model_type.poincare,activation.dmelu,,0.00037025032,0.04105756,,5.5509838e-05,3661,0.01,0.0001,20,2,,,10
3662,model_type.poincare,activation.dmelu,,0.0003666615,0.04065959,,5.4017743e-05,3662,0.01,0.0001,20,2,,,10
3663,model_type.poincare,activation.dmelu,,0.00036337174,0.040294785,,5.315597e-05,3663,0.01,0.0001,20,2,,,10
3664,model_type.poincare,activation.dmelu,,0.0003699644,0.041025855,,5.4189455e-05,3664,0.01,0.0001,20,2,,,10
3665,model_type.poincare,activation.dmelu,,0.0003631689,0.04027229,,5.418849e-05,3665,0.01,0.0001,20,2,,,10
3666,model_type.poincare,activation.dmelu,,0.00036259418,0.04020856,,5.312942e-05,3666,0.01,0.0001,20,2,,,10
3667,model_type.poincare,activation.dmelu,,0.00036832725,0.04084431,,5.2990028e-05,3667,0.01,0.0001,20,2,,,10
3668,model_type.poincare,activation.dmelu,,0.00036154955,0.04009272,,5.3609423e-05,3668,0.01,0.0001,20,2,,,10
3669,model_type.poincare,activation.dmelu,,0.00036327422,0.04028397,,5.3379747e-05,3669,0.01,0.0001,20,2,,,10
3670,model_type.poincare,activation.dmelu,,0.00036524792,0.04050284,,5.260041e-05,3670,0.01,0.0001,20,2,,,10
3671,model_type.poincare,activation.dmelu,,0.00036029928,0.039954077,,5.279378e-05,3671,0.01,0.0001,20,2,,,10
3672,model_type.poincare,activation.dmelu,,0.00036474963,0.04044758,,5.3183805e-05,3672,0.01,0.0001,20,2,,,10
3673,model_type.poincare,activation.dmelu,,0.00036265576,0.040215388,,5.2687665e-05,3673,0.01,0.0001,20,2,,,10
3674,model_type.poincare,activation.dmelu,,0.00035993446,0.03991362,,5.237041e-05,3674,0.01,0.0001,20,2,,,10
3675,model_type.poincare,activation.dmelu,,0.00036499003,0.04047424,,5.2635238e-05,3675,0.01,0.0001,20,2,,,10
3676,model_type.poincare,activation.dmelu,,0.00036083208,0.04001316,,5.2665804e-05,3676,0.01,0.0001,20,2,,,10
3677,model_type.poincare,activation.dmelu,,0.00036108063,0.04004072,,5.2374988e-05,3677,0.01,0.0001,20,2,,,10
3678,model_type.poincare,activation.dmelu,,0.0003640159,0.040366217,,5.2204683e-05,3678,0.01,0.0001,20,2,,,10
3679,model_type.poincare,activation.dmelu,,0.00035986057,0.039905425,,5.235886e-05,3679,0.01,0.0001,20,2,,,10
3680,model_type.poincare,activation.dmelu,,0.00036253425,0.040201914,,5.2400086e-05,3680,0.01,0.0001,20,2,,,10
3681,model_type.poincare,activation.dmelu,,0.00036251135,0.040199377,,5.2107396e-05,3681,0.01,0.0001,20,2,,,10
3682,model_type.poincare,activation.dmelu,,0.0003601179,0.039933965,,5.2059357e-05,3682,0.01,0.0001,20,2,,,10
3683,model_type.poincare,activation.dmelu,,0.00036332215,0.040289287,,5.22002e-05,3683,0.01,0.0001,20,2,,,10
3684,model_type.poincare,activation.dmelu,,0.00036120872,0.040054925,,5.210327e-05,3684,0.01,0.0001,20,2,,,10
3685,model_type.poincare,activation.dmelu,,0.0003610388,0.040036082,,5.197123e-05,3685,0.01,0.0001,20,2,,,10
3686,model_type.poincare,activation.dmelu,,0.00036314706,0.04026987,,5.194654e-05,3686,0.01,0.0001,20,2,,,10
3687,model_type.poincare,activation.dmelu,,0.0003607641,0.04000562,,5.1983254e-05,3687,0.01,0.0001,20,2,,,10
3688,model_type.poincare,activation.dmelu,,0.00036205433,0.040148694,,5.1965435e-05,3688,0.01,0.0001,20,2,,,10
3689,model_type.poincare,activation.dmelu,,0.000362297,0.040175606,,5.1822466e-05,3689,0.01,0.0001,20,2,,,10
3690,model_type.poincare,activation.dmelu,,0.00036087303,0.0400177,,5.180954e-05,3690,0.01,0.0001,20,2,,,10
3691,model_type.poincare,activation.dmelu,,0.00036274412,0.04022519,,5.1868246e-05,3691,0.01,0.0001,20,2,,,10
3692,model_type.poincare,activation.dmelu,,0.00036160124,0.04009845,,5.1789662e-05,3692,0.01,0.0001,20,2,,,10
3693,model_type.poincare,activation.dmelu,,0.00036126806,0.040061504,,5.1726376e-05,3693,0.01,0.0001,20,2,,,10
3694,model_type.poincare,activation.dmelu,,0.00036266912,0.04021687,,5.170576e-05,3694,0.01,0.0001,20,2,,,10
3695,model_type.poincare,activation.dmelu,,0.00036123264,0.040057577,,5.1703788e-05,3695,0.01,0.0001,20,2,,,10
3696,model_type.poincare,activation.dmelu,,0.00036194106,0.040136136,,5.1698702e-05,3696,0.01,0.0001,20,2,,,10
3697,model_type.poincare,activation.dmelu,,0.00036215835,0.04016023,,5.161508e-05,3697,0.01,0.0001,20,2,,,10
3698,model_type.poincare,activation.dmelu,,0.0003610686,0.040039387,,5.1590927e-05,3698,0.01,0.0001,20,2,,,10
3699,model_type.poincare,activation.dmelu,,0.00036234857,0.040181324,,5.1607378e-05,3699,0.01,0.0001,20,2,,,10
3700,model_type.poincare,activation.dmelu,,0.00036163788,0.040102515,,5.1562187e-05,3700,0.01,0.0001,20,2,,,10
3701,model_type.poincare,activation.dmelu,,0.00036135915,0.040071607,,5.1534174e-05,3701,0.01,0.0001,20,2,,,10
3702,model_type.poincare,activation.dmelu,,0.00036220875,0.04016582,,5.1500192e-05,3702,0.01,0.0001,20,2,,,10
3703,model_type.poincare,activation.dmelu,,0.00036120118,0.04005409,,5.148107e-05,3703,0.01,0.0001,20,2,,,10
3704,model_type.poincare,activation.dmelu,,0.00036185523,0.040126618,,5.148045e-05,3704,0.01,0.0001,20,2,,,10
3705,model_type.poincare,activation.dmelu,,0.00036177784,0.040118035,,5.1428146e-05,3705,0.01,0.0001,20,2,,,10
3706,model_type.poincare,activation.dmelu,,0.0003611438,0.040047724,,5.140453e-05,3706,0.01,0.0001,20,2,,,10
3707,model_type.poincare,activation.dmelu,,0.0003620134,0.040144157,,5.139634e-05,3707,0.01,0.0001,20,2,,,10
3708,model_type.poincare,activation.dmelu,,0.0003613093,0.04006608,,5.136375e-05,3708,0.01,0.0001,20,2,,,10
3709,model_type.poincare,activation.dmelu,,0.00036148223,0.040085256,,5.134972e-05,3709,0.01,0.0001,20,2,,,10
3710,model_type.poincare,activation.dmelu,,0.0003617565,0.04011567,,5.1312403e-05,3710,0.01,0.0001,20,2,,,10
3711,model_type.poincare,activation.dmelu,,0.00036110025,0.040042896,,5.1288884e-05,3711,0.01,0.0001,20,2,,,10
3712,model_type.poincare,activation.dmelu,,0.00036173576,0.04011337,,5.1282077e-05,3712,0.01,0.0001,20,2,,,10
3713,model_type.poincare,activation.dmelu,,0.00036134393,0.04006992,,5.1243715e-05,3713,0.01,0.0001,20,2,,,10
3714,model_type.poincare,activation.dmelu,,0.0003612626,0.0400609,,5.1224244e-05,3714,0.01,0.0001,20,2,,,10
3715,model_type.poincare,activation.dmelu,,0.00036162394,0.04010097,,5.119947e-05,3715,0.01,0.0001,20,2,,,10
3716,model_type.poincare,activation.dmelu,,0.00036109713,0.04004255,,5.1172414e-05,3716,0.01,0.0001,20,2,,,10
3717,model_type.poincare,activation.dmelu,,0.00036144903,0.04008157,,5.116029e-05,3717,0.01,0.0001,20,2,,,10
3718,model_type.poincare,activation.dmelu,,0.00036130936,0.040066086,,5.1124225e-05,3718,0.01,0.0001,20,2,,,10
3719,model_type.poincare,activation.dmelu,,0.00036112295,0.040045414,,5.110293e-05,3719,0.01,0.0001,20,2,,,10
3720,model_type.poincare,activation.dmelu,,0.00036141093,0.040077347,,5.1083258e-05,3720,0.01,0.0001,20,2,,,10
3721,model_type.poincare,activation.dmelu,,0.00036104795,0.040037096,,5.1052702e-05,3721,0.01,0.0001,20,2,,,10
3722,model_type.poincare,activation.dmelu,,0.00036121154,0.040055238,,5.1036674e-05,3722,0.01,0.0001,20,2,,,10
3723,model_type.poincare,activation.dmelu,,0.00036119812,0.04005375,,5.100548e-05,3723,0.01,0.0001,20,2,,,10
3724,model_type.poincare,activation.dmelu,,0.0003609801,0.040029574,,5.0981642e-05,3724,0.01,0.0001,20,2,,,10
3725,model_type.poincare,activation.dmelu,,0.00036117772,0.040051486,,5.0963612e-05,3725,0.01,0.0001,20,2,,,10
3726,model_type.poincare,activation.dmelu,,0.000360953,0.040026568,,5.0932067e-05,3726,0.01,0.0001,20,2,,,10
3727,model_type.poincare,activation.dmelu,,0.000361014,0.040033333,,5.0913597e-05,3727,0.01,0.0001,20,2,,,10
3728,model_type.poincare,activation.dmelu,,0.00036102982,0.040035088,,5.08864e-05,3728,0.01,0.0001,20,2,,,10
3729,model_type.poincare,activation.dmelu,,0.00036081823,0.040011622,,5.0860763e-05,3729,0.01,0.0001,20,2,,,10
3730,model_type.poincare,activation.dmelu,,0.00036099326,0.04003103,,5.0842067e-05,3730,0.01,0.0001,20,2,,,10
3731,model_type.poincare,activation.dmelu,,0.0003608183,0.04001163,,5.0811967e-05,3731,0.01,0.0001,20,2,,,10
3732,model_type.poincare,activation.dmelu,,0.00036082845,0.040012754,,5.079059e-05,3732,0.01,0.0001,20,2,,,10
3733,model_type.poincare,activation.dmelu,,0.00036086023,0.04001628,,5.076614e-05,3733,0.01,0.0001,20,2,,,10
3734,model_type.poincare,activation.dmelu,,0.00036067606,0.039995857,,5.0739232e-05,3734,0.01,0.0001,20,2,,,10
3735,model_type.poincare,activation.dmelu,,0.00036082527,0.040012404,,5.0719696e-05,3735,0.01,0.0001,20,2,,,10
3736,model_type.poincare,activation.dmelu,,0.00036067542,0.039995786,,5.069129e-05,3736,0.01,0.0001,20,2,,,10
3737,model_type.poincare,activation.dmelu,,0.0003606648,0.03999461,,5.0669667e-05,3737,0.01,0.0001,20,2,,,10
3738,model_type.poincare,activation.dmelu,,0.0003607111,0.039999742,,5.0645354e-05,3738,0.01,0.0001,20,2,,,10
3739,model_type.poincare,activation.dmelu,,0.00036054474,0.039981294,,5.0618844e-05,3739,0.01,0.0001,20,2,,,10
3740,model_type.poincare,activation.dmelu,,0.00036067763,0.03999603,,5.0598228e-05,3740,0.01,0.0001,20,2,,,10
3741,model_type.poincare,activation.dmelu,,0.0003605136,0.03997784,,5.057113e-05,3741,0.01,0.0001,20,2,,,10
3742,model_type.poincare,activation.dmelu,,0.00036055583,0.039982524,,5.0548475e-05,3742,0.01,0.0001,20,2,,,10
3743,model_type.poincare,activation.dmelu,,0.00036053878,0.039980635,,5.0524635e-05,3743,0.01,0.0001,20,2,,,10
3744,model_type.poincare,activation.dmelu,,0.0003604208,0.03996755,,5.0498245e-05,3744,0.01,0.0001,20,2,,,10
3745,model_type.poincare,activation.dmelu,,0.00036053132,0.039979808,,5.0477418e-05,3745,0.01,0.0001,20,2,,,10
3746,model_type.poincare,activation.dmelu,,0.00036036765,0.03996166,,5.045181e-05,3746,0.01,0.0001,20,2,,,10
3747,model_type.poincare,activation.dmelu,,0.00036042393,0.0399679,,5.0429036e-05,3747,0.01,0.0001,20,2,,,10
3748,model_type.poincare,activation.dmelu,,0.00036037609,0.039962593,,5.0404957e-05,3748,0.01,0.0001,20,2,,,10
3749,model_type.poincare,activation.dmelu,,0.0003602976,0.039953887,,5.037968e-05,3749,0.01,0.0001,20,2,,,10
3750,model_type.poincare,activation.dmelu,,0.0003603678,0.039961673,,5.0358336e-05,3750,0.01,0.0001,20,2,,,10
3751,model_type.poincare,activation.dmelu,,0.00036023115,0.039946523,,5.033321e-05,3751,0.01,0.0001,20,2,,,10
3752,model_type.poincare,activation.dmelu,,0.00036027172,0.03995102,,5.031e-05,3752,0.01,0.0001,20,2,,,10
3753,model_type.poincare,activation.dmelu,,0.0003602218,0.039945483,,5.028626e-05,3753,0.01,0.0001,20,2,,,10
3754,model_type.poincare,activation.dmelu,,0.0003601651,0.0399392,,5.026201e-05,3754,0.01,0.0001,20,2,,,10
3755,model_type.poincare,activation.dmelu,,0.00036020542,0.03994367,,5.0239683e-05,3755,0.01,0.0001,20,2,,,10
3756,model_type.poincare,activation.dmelu,,0.0003600804,0.039929803,,5.021547e-05,3756,0.01,0.0001,20,2,,,10
3757,model_type.poincare,activation.dmelu,,0.00036013435,0.039935786,,5.0192182e-05,3757,0.01,0.0001,20,2,,,10
3758,model_type.poincare,activation.dmelu,,0.00036006307,0.03992788,,5.0168495e-05,3758,0.01,0.0001,20,2,,,10
3759,model_type.poincare,activation.dmelu,,0.00036002987,0.0399242,,5.014502e-05,3759,0.01,0.0001,20,2,,,10
3760,model_type.poincare,activation.dmelu,,0.00036004288,0.039925642,,5.0122457e-05,3760,0.01,0.0001,20,2,,,10
3761,model_type.poincare,activation.dmelu,,0.00035994838,0.039915163,,5.009769e-05,3761,0.01,0.0001,20,2,,,10
3762,model_type.poincare,activation.dmelu,,0.00035998563,0.039919294,,5.0076163e-05,3762,0.01,0.0001,20,2,,,10
3763,model_type.poincare,activation.dmelu,,0.00035991907,0.039911915,,5.005228e-05,3763,0.01,0.0001,20,2,,,10
3764,model_type.poincare,activation.dmelu,,0.000359885,0.039908133,,5.002993e-05,3764,0.01,0.0001,20,2,,,10
3765,model_type.poincare,activation.dmelu,,0.0003599076,0.03991064,,5.000634e-05,3765,0.01,0.0001,20,2,,,10
3766,model_type.poincare,activation.dmelu,,0.00035978592,0.039897148,,4.9983402e-05,3766,0.01,0.0001,20,2,,,10
3767,model_type.poincare,activation.dmelu,,0.00035988344,0.039907962,,4.996038e-05,3767,0.01,0.0001,20,2,,,10
3768,model_type.poincare,activation.dmelu,,0.0003597198,0.039889816,,4.9938313e-05,3768,0.01,0.0001,20,2,,,10
3769,model_type.poincare,activation.dmelu,,0.00035982317,0.03990128,,4.9914703e-05,3769,0.01,0.0001,20,2,,,10
3770,model_type.poincare,activation.dmelu,,0.00035967297,0.039884623,,4.9893755e-05,3770,0.01,0.0001,20,2,,,10
3771,model_type.poincare,activation.dmelu,,0.00035976863,0.039895233,,4.9869865e-05,3771,0.01,0.0001,20,2,,,10
3772,model_type.poincare,activation.dmelu,,0.0003596072,0.03987733,,4.9850452e-05,3772,0.01,0.0001,20,2,,,10
3773,model_type.poincare,activation.dmelu,,0.00035975545,0.03989377,,4.9825852e-05,3773,0.01,0.0001,20,2,,,10
3774,model_type.poincare,activation.dmelu,,0.00035948295,0.039863553,,4.9809343e-05,3774,0.01,0.0001,20,2,,,10
3775,model_type.poincare,activation.dmelu,,0.00035981816,0.039900724,,4.978565e-05,3775,0.01,0.0001,20,2,,,10
3776,model_type.poincare,activation.dmelu,,0.00035929662,0.03984289,,4.9776387e-05,3776,0.01,0.0001,20,2,,,10
3777,model_type.poincare,activation.dmelu,,0.00035998184,0.039918873,,4.975776e-05,3777,0.01,0.0001,20,2,,,10
3778,model_type.poincare,activation.dmelu,,0.00035904234,0.039814692,,4.9768452e-05,3778,0.01,0.0001,20,2,,,10
3779,model_type.poincare,activation.dmelu,,0.00036033415,0.03995794,,4.9768165e-05,3779,0.01,0.0001,20,2,,,10
3780,model_type.poincare,activation.dmelu,,0.00035872697,0.039779723,,4.9835864e-05,3780,0.01,0.0001,20,2,,,10
3781,model_type.poincare,activation.dmelu,,0.0003611344,0.04004668,,4.9912418e-05,3781,0.01,0.0001,20,2,,,10
3782,model_type.poincare,activation.dmelu,,0.00035844042,0.039747946,,5.0160514e-05,3782,0.01,0.0001,20,2,,,10
3783,model_type.poincare,activation.dmelu,,0.0003631631,0.040271647,,5.0521357e-05,3783,0.01,0.0001,20,2,,,10
3784,model_type.poincare,activation.dmelu,,0.0003587878,0.039786465,,5.138245e-05,3784,0.01,0.0001,20,2,,,10
3785,model_type.poincare,activation.dmelu,,0.00036880924,0.040897757,,5.2801846e-05,3785,0.01,0.0001,20,2,,,10
3786,model_type.poincare,activation.dmelu,,0.0003626987,0.04022015,,5.5844877e-05,3786,0.01,0.0001,20,2,,,10
3787,model_type.poincare,activation.dmelu,,0.0003860776,0.042812668,,6.1236846e-05,3787,0.01,0.0001,20,2,,,10
3788,model_type.poincare,activation.dmelu,,0.0003821051,0.042372152,,7.225864e-05,3788,0.01,0.0001,20,2,,,10
3789,model_type.poincare,activation.dmelu,,0.0004418342,0.048995595,,9.232487e-05,3789,0.01,0.0001,20,2,,,10
3790,model_type.poincare,activation.dmelu,,0.0004577839,0.050764278,,0.00013164952,3790,0.01,0.0001,20,2,,,10
3791,model_type.poincare,activation.dmelu,,0.00060651347,0.0672571,,0.00019990807,3791,0.01,0.0001,20,2,,,10
3792,model_type.poincare,activation.dmelu,,0.00065803016,0.072969854,,0.00031823234,3792,0.01,0.0001,20,2,,,10
3793,model_type.poincare,activation.dmelu,,0.0008785113,0.09741931,,0.00047372005,3793,0.01,0.0001,20,2,,,10
3794,model_type.poincare,activation.dmelu,,0.00076565804,0.08490486,,0.0006327142,3794,0.01,0.0001,20,2,,,10
3795,model_type.poincare,activation.dmelu,,0.0007239625,0.08028118,,0.00063116173,3795,0.01,0.0001,20,2,,,10
3796,model_type.poincare,activation.dmelu,,0.00042763047,0.047420524,,0.0004340086,3796,0.01,0.0001,20,2,,,10
3797,model_type.poincare,activation.dmelu,,0.0004014433,0.044516593,,0.00016073904,3797,0.01,0.0001,20,2,,,10
3798,model_type.poincare,activation.dmelu,,0.0005279188,0.058541633,,8.677635e-05,3798,0.01,0.0001,20,2,,,10
3799,model_type.poincare,activation.dmelu,,0.00053020264,0.05879489,,0.00021844987,3799,0.01,0.0001,20,2,,,10
3800,model_type.poincare,activation.dmelu,,0.0005262152,0.058352716,,0.00030236968,3800,0.01,0.0001,20,2,,,10
3801,model_type.poincare,activation.dmelu,,0.0003980583,0.044141226,,0.00020905556,3801,0.01,0.0001,20,2,,,10
3802,model_type.poincare,activation.dmelu,,0.0004110899,0.045586314,,8.640411e-05,3802,0.01,0.0001,20,2,,,10
3803,model_type.poincare,activation.dmelu,,0.0005120369,0.05678047,,0.00011720285,3803,0.01,0.0001,20,2,,,10
3804,model_type.poincare,activation.dmelu,,0.0004373871,0.04850245,,0.00019764394,3804,0.01,0.0001,20,2,,,10
3805,model_type.poincare,activation.dmelu,,0.0003981833,0.044155087,,0.00015938812,3805,0.01,0.0001,20,2,,,10
3806,model_type.poincare,activation.dmelu,,0.0004292922,0.047604796,,8.130686e-05,3806,0.01,0.0001,20,2,,,10
3807,model_type.poincare,activation.dmelu,,0.00041630532,0.04616466,,9.5385825e-05,3807,0.01,0.0001,20,2,,,10
3808,model_type.poincare,activation.dmelu,,0.0004352739,0.048268113,,0.00014151057,3808,0.01,0.0001,20,2,,,10
3809,model_type.poincare,activation.dmelu,,0.00039311554,0.043593116,,0.00011595192,3809,0.01,0.0001,20,2,,,10
3810,model_type.poincare,activation.dmelu,,0.00038077054,0.04222416,,7.111865e-05,3810,0.01,0.0001,20,2,,,10
3811,model_type.poincare,activation.dmelu,,0.0004435272,0.049183335,,8.9112815e-05,3811,0.01,0.0001,20,2,,,10
3812,model_type.poincare,activation.dmelu,,0.0003793644,0.042068236,,0.00011349417,3812,0.01,0.0001,20,2,,,10
3813,model_type.poincare,activation.dmelu,,0.0003729901,0.041361377,,8.5127016e-05,3813,0.01,0.0001,20,2,,,10
3814,model_type.poincare,activation.dmelu,,0.00041767955,0.046317052,,6.3444466e-05,3814,0.01,0.0001,20,2,,,10
3815,model_type.poincare,activation.dmelu,,0.0003785583,0.041978844,,8.432872e-05,3815,0.01,0.0001,20,2,,,10
3816,model_type.poincare,activation.dmelu,,0.0003870294,0.042918216,,9.222599e-05,3816,0.01,0.0001,20,2,,,10
3817,model_type.poincare,activation.dmelu,,0.0003785431,0.04197716,,6.8135865e-05,3817,0.01,0.0001,20,2,,,10
3818,model_type.poincare,activation.dmelu,,0.0003744418,0.041522358,,6.0024395e-05,3818,0.01,0.0001,20,2,,,10
3819,model_type.poincare,activation.dmelu,,0.00040116644,0.04448589,,7.752564e-05,3819,0.01,0.0001,20,2,,,10
3820,model_type.poincare,activation.dmelu,,0.00036438045,0.040406644,,7.8099074e-05,3820,0.01,0.0001,20,2,,,10
3821,model_type.poincare,activation.dmelu,,0.0003626777,0.040217824,,5.87324e-05,3821,0.01,0.0001,20,2,,,10
3822,model_type.poincare,activation.dmelu,,0.00039228526,0.043501046,,5.7584486e-05,3822,0.01,0.0001,20,2,,,10
3823,model_type.poincare,activation.dmelu,,0.00037055166,0.041090976,,7.14827e-05,3823,0.01,0.0001,20,2,,,10
3824,model_type.poincare,activation.dmelu,,0.00036471942,0.040444233,,6.813021e-05,3824,0.01,0.0001,20,2,,,10
3825,model_type.poincare,activation.dmelu,,0.00037217894,0.041271426,,5.476489e-05,3825,0.01,0.0001,20,2,,,10
3826,model_type.poincare,activation.dmelu,,0.00036441276,0.040410224,,5.5914068e-05,3826,0.01,0.0001,20,2,,,10
3827,model_type.poincare,activation.dmelu,,0.00037662426,0.041764375,,6.4704436e-05,3827,0.01,0.0001,20,2,,,10
3828,model_type.poincare,activation.dmelu,,0.0003640082,0.040365364,,6.191249e-05,3828,0.01,0.0001,20,2,,,10
3829,model_type.poincare,activation.dmelu,,0.00035445084,0.039305534,,5.3144064e-05,3829,0.01,0.0001,20,2,,,10
3830,model_type.poincare,activation.dmelu,,0.0003764682,0.04174707,,5.4581502e-05,3830,0.01,0.0001,20,2,,,10
3831,model_type.poincare,activation.dmelu,,0.00035973842,0.03989188,,6.012633e-05,3831,0.01,0.0001,20,2,,,10
3832,model_type.poincare,activation.dmelu,,0.0003582811,0.039730277,,5.7295718e-05,3832,0.01,0.0001,20,2,,,10
3833,model_type.poincare,activation.dmelu,,0.0003657301,0.040556308,,5.210154e-05,3833,0.01,0.0001,20,2,,,10
3834,model_type.poincare,activation.dmelu,,0.0003548177,0.039346214,,5.3451477e-05,3834,0.01,0.0001,20,2,,,10
3835,model_type.poincare,activation.dmelu,,0.00036503628,0.04047937,,5.656121e-05,3835,0.01,0.0001,20,2,,,10
3836,model_type.poincare,activation.dmelu,,0.00035584622,0.03946027,,5.4618096e-05,3836,0.01,0.0001,20,2,,,10
3837,model_type.poincare,activation.dmelu,,0.0003539393,0.03924881,,5.145478e-05,3837,0.01,0.0001,20,2,,,10
3838,model_type.poincare,activation.dmelu,,0.00036247965,0.04019586,,5.235099e-05,3838,0.01,0.0001,20,2,,,10
3839,model_type.poincare,activation.dmelu,,0.00035264928,0.039105758,,5.416546e-05,3839,0.01,0.0001,20,2,,,10
3840,model_type.poincare,activation.dmelu,,0.0003551474,0.039382778,,5.2642554e-05,3840,0.01,0.0001,20,2,,,10
3841,model_type.poincare,activation.dmelu,,0.00035554892,0.039427303,,5.0837454e-05,3841,0.01,0.0001,20,2,,,10
3842,model_type.poincare,activation.dmelu,,0.0003524952,0.03908867,,5.1684434e-05,3842,0.01,0.0001,20,2,,,10
3843,model_type.poincare,activation.dmelu,,0.00035554107,0.03942643,,5.2516767e-05,3843,0.01,0.0001,20,2,,,10
3844,model_type.poincare,activation.dmelu,,0.0003513372,0.03896026,,5.1478444e-05,3844,0.01,0.0001,20,2,,,10
3845,model_type.poincare,activation.dmelu,,0.0003507474,0.038894854,,5.0328235e-05,3845,0.01,0.0001,20,2,,,10
3846,model_type.poincare,activation.dmelu,,0.00035516534,0.039384767,,5.090598e-05,3846,0.01,0.0001,20,2,,,10
3847,model_type.poincare,activation.dmelu,,0.00034957484,0.038764827,,5.1543055e-05,3847,0.01,0.0001,20,2,,,10
3848,model_type.poincare,activation.dmelu,,0.00035088288,0.03890988,,5.065206e-05,3848,0.01,0.0001,20,2,,,10
3849,model_type.poincare,activation.dmelu,,0.00035190737,0.039023485,,4.9933253e-05,3849,0.01,0.0001,20,2,,,10
3850,model_type.poincare,activation.dmelu,,0.00034883292,0.038682558,,5.035847e-05,3850,0.01,0.0001,20,2,,,10
3851,model_type.poincare,activation.dmelu,,0.0003529634,0.03914059,,5.0774972e-05,3851,0.01,0.0001,20,2,,,10
3852,model_type.poincare,activation.dmelu,,0.0003480771,0.038598742,,5.0263658e-05,3852,0.01,0.0001,20,2,,,10
3853,model_type.poincare,activation.dmelu,,0.00034991116,0.038802125,,4.9634207e-05,3853,0.01,0.0001,20,2,,,10
3854,model_type.poincare,activation.dmelu,,0.00035132005,0.038958356,,4.9848557e-05,3854,0.01,0.0001,20,2,,,10
3855,model_type.poincare,activation.dmelu,,0.00034819884,0.038612243,,5.023514e-05,3855,0.01,0.0001,20,2,,,10
3856,model_type.poincare,activation.dmelu,,0.00035085913,0.038907245,,4.991508e-05,3856,0.01,0.0001,20,2,,,10
3857,model_type.poincare,activation.dmelu,,0.00034860498,0.038657278,,4.9481136e-05,3857,0.01,0.0001,20,2,,,10
3858,model_type.poincare,activation.dmelu,,0.00034947993,0.038754303,,4.95364e-05,3858,0.01,0.0001,20,2,,,10
3859,model_type.poincare,activation.dmelu,,0.00035035127,0.03885093,,4.9784998e-05,3859,0.01,0.0001,20,2,,,10
3860,model_type.poincare,activation.dmelu,,0.00034863214,0.03866029,,4.9728522e-05,3860,0.01,0.0001,20,2,,,10
3861,model_type.poincare,activation.dmelu,,0.00034921194,0.038724586,,4.9354046e-05,3861,0.01,0.0001,20,2,,,10
3862,model_type.poincare,activation.dmelu,,0.00035005182,0.038817722,,4.9295886e-05,3862,0.01,0.0001,20,2,,,10
3863,model_type.poincare,activation.dmelu,,0.00034847928,0.03864334,,4.9475148e-05,3863,0.01,0.0001,20,2,,,10
3864,model_type.poincare,activation.dmelu,,0.00034991463,0.03880251,,4.9477374e-05,3864,0.01,0.0001,20,2,,,10
3865,model_type.poincare,activation.dmelu,,0.00034924,0.038727697,,4.930199e-05,3865,0.01,0.0001,20,2,,,10
3866,model_type.poincare,activation.dmelu,,0.00034864177,0.03866136,,4.9158625e-05,3866,0.01,0.0001,20,2,,,10
3867,model_type.poincare,activation.dmelu,,0.00035028797,0.038843907,,4.922443e-05,3867,0.01,0.0001,20,2,,,10
3868,model_type.poincare,activation.dmelu,,0.000348407,0.038635325,,4.930336e-05,3868,0.01,0.0001,20,2,,,10
3869,model_type.poincare,activation.dmelu,,0.0003497175,0.03878065,,4.919869e-05,3869,0.01,0.0001,20,2,,,10
3870,model_type.poincare,activation.dmelu,,0.00034943633,0.038749468,,4.9088434e-05,3870,0.01,0.0001,20,2,,,10
3871,model_type.poincare,activation.dmelu,,0.00034880041,0.03867895,,4.909139e-05,3871,0.01,0.0001,20,2,,,10
3872,model_type.poincare,activation.dmelu,,0.00034972647,0.038781643,,4.9112437e-05,3872,0.01,0.0001,20,2,,,10
3873,model_type.poincare,activation.dmelu,,0.00034926797,0.0387308,,4.9116803e-05,3873,0.01,0.0001,20,2,,,10
3874,model_type.poincare,activation.dmelu,,0.00034890536,0.03869059,,4.9012895e-05,3874,0.01,0.0001,20,2,,,10
3875,model_type.poincare,activation.dmelu,,0.0003500933,0.03882232,,4.8982307e-05,3875,0.01,0.0001,20,2,,,10
3876,model_type.poincare,activation.dmelu,,0.0003485024,0.038645905,,4.9008908e-05,3876,0.01,0.0001,20,2,,,10
3877,model_type.poincare,activation.dmelu,,0.0003497401,0.03878315,,4.898843e-05,3877,0.01,0.0001,20,2,,,10
3878,model_type.poincare,activation.dmelu,,0.0003496302,0.038770966,,4.8960297e-05,3878,0.01,0.0001,20,2,,,10
3879,model_type.poincare,activation.dmelu,,0.00034859276,0.038655926,,4.8908605e-05,3879,0.01,0.0001,20,2,,,10
3880,model_type.poincare,activation.dmelu,,0.00035027368,0.038842324,,4.8904993e-05,3880,0.01,0.0001,20,2,,,10
3881,model_type.poincare,activation.dmelu,,0.0003486632,0.038663734,,4.8918613e-05,3881,0.01,0.0001,20,2,,,10
3882,model_type.poincare,activation.dmelu,,0.00034971928,0.038780846,,4.887885e-05,3882,0.01,0.0001,20,2,,,10
3883,model_type.poincare,activation.dmelu,,0.00034961096,0.03876883,,4.884667e-05,3883,0.01,0.0001,20,2,,,10
3884,model_type.poincare,activation.dmelu,,0.00034892527,0.0386928,,4.8833084e-05,3884,0.01,0.0001,20,2,,,10
3885,model_type.poincare,activation.dmelu,,0.00034994626,0.038806017,,4.8823495e-05,3885,0.01,0.0001,20,2,,,10
3886,model_type.poincare,activation.dmelu,,0.0003492996,0.038734306,,4.8829e-05,3886,0.01,0.0001,20,2,,,10
3887,model_type.poincare,activation.dmelu,,0.00034925956,0.038729865,,4.8781003e-05,3887,0.01,0.0001,20,2,,,10
3888,model_type.poincare,activation.dmelu,,0.0003501284,0.038826212,,4.8763413e-05,3888,0.01,0.0001,20,2,,,10
3889,model_type.poincare,activation.dmelu,,0.0003486878,0.038666464,,4.875103e-05,3889,0.01,0.0001,20,2,,,10
3890,model_type.poincare,activation.dmelu,,0.00035038195,0.03885433,,4.874351e-05,3890,0.01,0.0001,20,2,,,10
3891,model_type.poincare,activation.dmelu,,0.0003489946,0.038700484,,4.8730028e-05,3891,0.01,0.0001,20,2,,,10
3892,model_type.poincare,activation.dmelu,,0.00034984553,0.038794845,,4.8703267e-05,3892,0.01,0.0001,20,2,,,10
3893,model_type.poincare,activation.dmelu,,0.00034959102,0.038766623,,4.8674898e-05,3893,0.01,0.0001,20,2,,,10
3894,model_type.poincare,activation.dmelu,,0.00034959058,0.038766574,,4.8677404e-05,3894,0.01,0.0001,20,2,,,10
3895,model_type.poincare,activation.dmelu,,0.00034954265,0.038761258,,4.8650567e-05,3895,0.01,0.0001,20,2,,,10
3896,model_type.poincare,activation.dmelu,,0.00035003273,0.038815603,,4.8653455e-05,3896,0.01,0.0001,20,2,,,10
3897,model_type.poincare,activation.dmelu,,0.00034899902,0.038700975,,4.8615042e-05,3897,0.01,0.0001,20,2,,,10
3898,model_type.poincare,activation.dmelu,,0.00035064743,0.038883768,,4.861452e-05,3898,0.01,0.0001,20,2,,,10
3899,model_type.poincare,activation.dmelu,,0.00034851444,0.03864724,,4.85931e-05,3899,0.01,0.0001,20,2,,,10
3900,model_type.poincare,activation.dmelu,,0.00035104682,0.038928058,,4.860474e-05,3900,0.01,0.0001,20,2,,,10
3901,model_type.poincare,activation.dmelu,,0.00034832803,0.038626567,,4.8582362e-05,3901,0.01,0.0001,20,2,,,10
3902,model_type.poincare,activation.dmelu,,0.00035137034,0.038963933,,4.861219e-05,3902,0.01,0.0001,20,2,,,10
3903,model_type.poincare,activation.dmelu,,0.00034794555,0.038584154,,4.859551e-05,3903,0.01,0.0001,20,2,,,10
3904,model_type.poincare,activation.dmelu,,0.0003522277,0.03905901,,4.8687583e-05,3904,0.01,0.0001,20,2,,,10
3905,model_type.poincare,activation.dmelu,,0.00034707406,0.038487513,,4.8710204e-05,3905,0.01,0.0001,20,2,,,10
3906,model_type.poincare,activation.dmelu,,0.0003541139,0.03926817,,4.8923852e-05,3906,0.01,0.0001,20,2,,,10
3907,model_type.poincare,activation.dmelu,,0.00034548677,0.038311496,,4.9078655e-05,3907,0.01,0.0001,20,2,,,10
3908,model_type.poincare,activation.dmelu,,0.0003577173,0.03966776,,4.961169e-05,3908,0.01,0.0001,20,2,,,10
3909,model_type.poincare,activation.dmelu,,0.00034357616,0.038099628,,5.019993e-05,3909,0.01,0.0001,20,2,,,10
3910,model_type.poincare,activation.dmelu,,0.0003649256,0.040467095,,5.1646082e-05,3910,0.01,0.0001,20,2,,,10
3911,model_type.poincare,activation.dmelu,,0.0003422699,0.037954774,,5.3601092e-05,3911,0.01,0.0001,20,2,,,10
3912,model_type.poincare,activation.dmelu,,0.0003811993,0.042271707,,5.7791196e-05,3912,0.01,0.0001,20,2,,,10
3913,model_type.poincare,activation.dmelu,,0.0003462323,0.038394168,,6.418842e-05,3913,0.01,0.0001,20,2,,,10
3914,model_type.poincare,activation.dmelu,,0.0004219973,0.046795852,,7.702893e-05,3914,0.01,0.0001,20,2,,,10
3915,model_type.poincare,activation.dmelu,,0.00037349918,0.04141783,,9.7906806e-05,3915,0.01,0.0001,20,2,,,10
3916,model_type.poincare,activation.dmelu,,0.00053032354,0.058808297,,0.00013821224,3916,0.01,0.0001,20,2,,,10
3917,model_type.poincare,activation.dmelu,,0.00048118143,0.05335886,,0.00020383218,3917,0.01,0.0001,20,2,,,10
3918,model_type.poincare,activation.dmelu,,0.00079864153,0.088562444,,0.00032333683,3918,0.01,0.0001,20,2,,,10
3919,model_type.poincare,activation.dmelu,,0.00075818464,0.08407612,,0.00049461884,3919,0.01,0.0001,20,2,,,10
3920,model_type.poincare,activation.dmelu,,0.0011970216,0.13273935,,0.00074980746,3920,0.01,0.0001,20,2,,,10
3921,model_type.poincare,activation.dmelu,,0.00092472637,0.10254416,,0.0009446602,3921,0.01,0.0001,20,2,,,10
3922,model_type.poincare,activation.dmelu,,0.0009777787,0.108427204,,0.0010077239,3922,0.01,0.0001,20,2,,,10
3923,model_type.poincare,activation.dmelu,,0.00041904632,0.046468616,,0.0006731298,3923,0.01,0.0001,20,2,,,10
3924,model_type.poincare,activation.dmelu,,0.00037387403,0.0414594,,0.000239462,3924,0.01,0.0001,20,2,,,10
3925,model_type.poincare,activation.dmelu,,0.0005991572,0.06644135,,6.557253e-05,3925,0.01,0.0001,20,2,,,10
3926,model_type.poincare,activation.dmelu,,0.0005515439,0.06116145,,0.00025858814,3926,0.01,0.0001,20,2,,,10
3927,model_type.poincare,activation.dmelu,,0.0006450819,0.07153401,,0.00044386045,3927,0.01,0.0001,20,2,,,10
3928,model_type.poincare,activation.dmelu,,0.00036237796,0.040184584,,0.00028858436,3928,0.01,0.0001,20,2,,,10
3929,model_type.poincare,activation.dmelu,,0.00039728358,0.044055317,,8.5031505e-05,3929,0.01,0.0001,20,2,,,10
3930,model_type.poincare,activation.dmelu,,0.00061368087,0.068051904,,0.00014007691,3930,0.01,0.0001,20,2,,,10
3931,model_type.poincare,activation.dmelu,,0.0004091273,0.045368683,,0.00026357788,3931,0.01,0.0001,20,2,,,10
3932,model_type.poincare,activation.dmelu,,0.00041834443,0.04639078,,0.00019743248,3932,0.01,0.0001,20,2,,,10
3933,model_type.poincare,activation.dmelu,,0.00046839373,0.051940817,,7.9288344e-05,3933,0.01,0.0001,20,2,,,10
3934,model_type.poincare,activation.dmelu,,0.00041447137,0.045961294,,0.00012978837,3934,0.01,0.0001,20,2,,,10
3935,model_type.poincare,activation.dmelu,,0.0004693187,0.05204339,,0.00019144056,3935,0.01,0.0001,20,2,,,10
3936,model_type.poincare,activation.dmelu,,0.0003906626,0.043321107,,0.00011733278,3936,0.01,0.0001,20,2,,,10
3937,model_type.poincare,activation.dmelu,,0.00039916072,0.044263475,,7.945242e-05,3937,0.01,0.0001,20,2,,,10
3938,model_type.poincare,activation.dmelu,,0.0004731848,0.052472103,,0.0001300985,3938,0.01,0.0001,20,2,,,10
3939,model_type.poincare,activation.dmelu,,0.00036579114,0.040563077,,0.0001258057,3939,0.01,0.0001,20,2,,,10
3940,model_type.poincare,activation.dmelu,,0.00039317485,0.04359969,,8.007865e-05,3940,0.01,0.0001,20,2,,,10
3941,model_type.poincare,activation.dmelu,,0.0004478726,0.049665198,,8.999497e-05,3941,0.01,0.0001,20,2,,,10
3942,model_type.poincare,activation.dmelu,,0.0003651655,0.040493697,,0.000109369095,3942,0.01,0.0001,20,2,,,10
3943,model_type.poincare,activation.dmelu,,0.0003927831,0.04355625,,8.485879e-05,3943,0.01,0.0001,20,2,,,10
3944,model_type.poincare,activation.dmelu,,0.00041260623,0.045754462,,7.3515184e-05,3944,0.01,0.0001,20,2,,,10
3945,model_type.poincare,activation.dmelu,,0.00036954306,0.040979132,,9.107657e-05,3945,0.01,0.0001,20,2,,,10
3946,model_type.poincare,activation.dmelu,,0.00039360742,0.04364766,,8.437341e-05,3946,0.01,0.0001,20,2,,,10
3947,model_type.poincare,activation.dmelu,,0.00038738287,0.04295741,,6.6506735e-05,3947,0.01,0.0001,20,2,,,10
3948,model_type.poincare,activation.dmelu,,0.00037183787,0.041233607,,7.695098e-05,3948,0.01,0.0001,20,2,,,10
3949,model_type.poincare,activation.dmelu,,0.00038716698,0.04293347,,8.1341204e-05,3949,0.01,0.0001,20,2,,,10
3950,model_type.poincare,activation.dmelu,,0.0003718114,0.04123067,,6.424763e-05,3950,0.01,0.0001,20,2,,,10
3951,model_type.poincare,activation.dmelu,,0.00037425876,0.041502062,,6.555503e-05,3951,0.01,0.0001,20,2,,,10
3952,model_type.poincare,activation.dmelu,,0.00037989486,0.042127058,,7.5861986e-05,3952,0.01,0.0001,20,2,,,10
3953,model_type.poincare,activation.dmelu,,0.00036023214,0.03994663,,6.575345e-05,3953,0.01,0.0001,20,2,,,10
3954,model_type.poincare,activation.dmelu,,0.00037058245,0.04109439,,5.8150046e-05,3954,0.01,0.0001,20,2,,,10
3955,model_type.poincare,activation.dmelu,,0.00037622973,0.041720625,,6.715681e-05,3955,0.01,0.0001,20,2,,,10
3956,model_type.poincare,activation.dmelu,,0.00035749143,0.03964271,,6.716236e-05,3956,0.01,0.0001,20,2,,,10
3957,model_type.poincare,activation.dmelu,,0.00036126238,0.040060878,,5.7124926e-05,3957,0.01,0.0001,20,2,,,10
3958,model_type.poincare,activation.dmelu,,0.00036938195,0.040961266,,5.8335914e-05,3958,0.01,0.0001,20,2,,,10
3959,model_type.poincare,activation.dmelu,,0.00035956723,0.0398729,,6.43834e-05,3959,0.01,0.0001,20,2,,,10
3960,model_type.poincare,activation.dmelu,,0.00035575763,0.039450444,,5.966665e-05,3960,0.01,0.0001,20,2,,,10
3961,model_type.poincare,activation.dmelu,,0.00036112184,0.04004529,,5.4228607e-05,3961,0.01,0.0001,20,2,,,10
3962,model_type.poincare,activation.dmelu,,0.0003577414,0.03967043,,5.8493893e-05,3962,0.01,0.0001,20,2,,,10
3963,model_type.poincare,activation.dmelu,,0.0003542975,0.03928853,,6.028016e-05,3963,0.01,0.0001,20,2,,,10
3964,model_type.poincare,activation.dmelu,,0.00035624753,0.039504774,,5.479173e-05,3964,0.01,0.0001,20,2,,,10
3965,model_type.poincare,activation.dmelu,,0.00035239963,0.03907807,,5.403567e-05,3965,0.01,0.0001,20,2,,,10
3966,model_type.poincare,activation.dmelu,,0.00035358057,0.03920903,,5.7524947e-05,3966,0.01,0.0001,20,2,,,10
3967,model_type.poincare,activation.dmelu,,0.00035339297,0.039188225,,5.6013243e-05,3967,0.01,0.0001,20,2,,,10
3968,model_type.poincare,activation.dmelu,,0.0003468859,0.038466647,,5.2979576e-05,3968,0.01,0.0001,20,2,,,10
3969,model_type.poincare,activation.dmelu,,0.00035293752,0.03913772,,5.4097753e-05,3969,0.01,0.0001,20,2,,,10
3970,model_type.poincare,activation.dmelu,,0.00035072622,0.038892508,,5.532068e-05,3970,0.01,0.0001,20,2,,,10
3971,model_type.poincare,activation.dmelu,,0.00034355934,0.03809776,,5.3662035e-05,3971,0.01,0.0001,20,2,,,10
3972,model_type.poincare,activation.dmelu,,0.00035144677,0.038972408,,5.2370084e-05,3972,0.01,0.0001,20,2,,,10
3973,model_type.poincare,activation.dmelu,,0.00034677776,0.038454656,,5.3401436e-05,3973,0.01,0.0001,20,2,,,10
3974,model_type.poincare,activation.dmelu,,0.0003436309,0.038105696,,5.3753272e-05,3974,0.01,0.0001,20,2,,,10
3975,model_type.poincare,activation.dmelu,,0.0003495411,0.038761087,,5.2241547e-05,3975,0.01,0.0001,20,2,,,10
3976,model_type.poincare,activation.dmelu,,0.00034211663,0.03793778,,5.2012085e-05,3976,0.01,0.0001,20,2,,,10
3977,model_type.poincare,activation.dmelu,,0.0003450157,0.03825926,,5.2827705e-05,3977,0.01,0.0001,20,2,,,10
3978,model_type.poincare,activation.dmelu,,0.0003469432,0.038473003,,5.2299245e-05,3978,0.01,0.0001,20,2,,,10
3979,model_type.poincare,activation.dmelu,,0.00033967145,0.037666626,,5.159638e-05,3979,0.01,0.0001,20,2,,,10
3980,model_type.poincare,activation.dmelu,,0.00034609577,0.03837903,,5.1817457e-05,3980,0.01,0.0001,20,2,,,10
3981,model_type.poincare,activation.dmelu,,0.00034301015,0.03803686,,5.194819e-05,3981,0.01,0.0001,20,2,,,10
3982,model_type.poincare,activation.dmelu,,0.00033985,0.037686426,,5.1556788e-05,3982,0.01,0.0001,20,2,,,10
3983,model_type.poincare,activation.dmelu,,0.00034619196,0.038389694,,5.1183793e-05,3983,0.01,0.0001,20,2,,,10
3984,model_type.poincare,activation.dmelu,,0.00033978454,0.03767917,,5.1392108e-05,3984,0.01,0.0001,20,2,,,10
3985,model_type.poincare,activation.dmelu,,0.00034145286,0.03786417,,5.1496274e-05,3985,0.01,0.0001,20,2,,,10
3986,model_type.poincare,activation.dmelu,,0.00034409002,0.03815661,,5.0949184e-05,3986,0.01,0.0001,20,2,,,10
3987,model_type.poincare,activation.dmelu,,0.0003386701,0.037555587,,5.085182e-05,3987,0.01,0.0001,20,2,,,10
3988,model_type.poincare,activation.dmelu,,0.00034353405,0.038094956,,5.1163286e-05,3988,0.01,0.0001,20,2,,,10
3989,model_type.poincare,activation.dmelu,,0.0003410647,0.03782113,,5.0963085e-05,3989,0.01,0.0001,20,2,,,10
3990,model_type.poincare,activation.dmelu,,0.00033920028,0.03761438,,5.0659248e-05,3990,0.01,0.0001,20,2,,,10
3991,model_type.poincare,activation.dmelu,,0.0003440491,0.038152073,,5.0637882e-05,3991,0.01,0.0001,20,2,,,10
3992,model_type.poincare,activation.dmelu,,0.0003393509,0.03763108,,5.0772636e-05,3992,0.01,0.0001,20,2,,,10
3993,model_type.poincare,activation.dmelu,,0.0003410638,0.03782103,,5.073589e-05,3993,0.01,0.0001,20,2,,,10
3994,model_type.poincare,activation.dmelu,,0.0003423833,0.03796735,,5.0405433e-05,3994,0.01,0.0001,20,2,,,10
3995,model_type.poincare,activation.dmelu,,0.00033914528,0.03760828,,5.039534e-05,3995,0.01,0.0001,20,2,,,10
3996,model_type.poincare,activation.dmelu,,0.00034288983,0.03802352,,5.0587285e-05,3996,0.01,0.0001,20,2,,,10
3997,model_type.poincare,activation.dmelu,,0.0003405266,0.037761457,,5.0429277e-05,3997,0.01,0.0001,20,2,,,10
3998,model_type.poincare,activation.dmelu,,0.0003401686,0.037721757,,5.0266153e-05,3998,0.01,0.0001,20,2,,,10
3999,model_type.poincare,activation.dmelu,,0.00034290116,0.038024776,,5.0254737e-05,3999,0.01,0.0001,20,2,,,10
4000,model_type.poincare,activation.dmelu,,0.00033977124,0.037677694,,5.029575e-05,4000,0.01,0.0001,20,2,,,10
4001,model_type.poincare,activation.dmelu,,0.00034186602,0.03790999,,5.029621e-05,4001,0.01,0.0001,20,2,,,10
4002,model_type.poincare,activation.dmelu,,0.000341585,0.037878823,,5.0115686e-05,4002,0.01,0.0001,20,2,,,10
4003,model_type.poincare,activation.dmelu,,0.00034014505,0.037719145,,5.0080977e-05,4003,0.01,0.0001,20,2,,,10
4004,model_type.poincare,activation.dmelu,,0.00034272275,0.03800499,,5.015784e-05,4004,0.01,0.0001,20,2,,,10
4005,model_type.poincare,activation.dmelu,,0.000340491,0.03775751,,5.0079674e-05,4005,0.01,0.0001,20,2,,,10
4006,model_type.poincare,activation.dmelu,,0.0003413329,0.037850868,,5.0018498e-05,4006,0.01,0.0001,20,2,,,10
4007,model_type.poincare,activation.dmelu,,0.00034214914,0.03794138,,4.9970833e-05,4007,0.01,0.0001,20,2,,,10
4008,model_type.poincare,activation.dmelu,,0.00034033527,0.03774024,,4.995656e-05,4008,0.01,0.0001,20,2,,,10
4009,model_type.poincare,activation.dmelu,,0.00034230266,0.037958406,,4.9970065e-05,4009,0.01,0.0001,20,2,,,10
4010,model_type.poincare,activation.dmelu,,0.00034108464,0.037823338,,4.988371e-05,4010,0.01,0.0001,20,2,,,10
4011,model_type.poincare,activation.dmelu,,0.00034108936,0.03782386,,4.9849317e-05,4011,0.01,0.0001,20,2,,,10
4012,model_type.poincare,activation.dmelu,,0.0003422061,0.0379477,,4.9847757e-05,4012,0.01,0.0001,20,2,,,10
4013,model_type.poincare,activation.dmelu,,0.00034056482,0.037765693,,4.980441e-05,4013,0.01,0.0001,20,2,,,10
4014,model_type.poincare,activation.dmelu,,0.00034196532,0.037921,,4.9787304e-05,4014,0.01,0.0001,20,2,,,10
4015,model_type.poincare,activation.dmelu,,0.00034140583,0.037858956,,4.9743205e-05,4015,0.01,0.0001,20,2,,,10
4016,model_type.poincare,activation.dmelu,,0.0003409634,0.037809893,,4.9712322e-05,4016,0.01,0.0001,20,2,,,10
4017,model_type.poincare,activation.dmelu,,0.00034207082,0.037932698,,4.970377e-05,4017,0.01,0.0001,20,2,,,10
4018,model_type.poincare,activation.dmelu,,0.0003407967,0.03779141,,4.9658775e-05,4018,0.01,0.0001,20,2,,,10
4019,model_type.poincare,activation.dmelu,,0.00034172222,0.03789404,,4.9638442e-05,4019,0.01,0.0001,20,2,,,10
4020,model_type.poincare,activation.dmelu,,0.00034151122,0.03787064,,4.9613198e-05,4020,0.01,0.0001,20,2,,,10
4021,model_type.poincare,activation.dmelu,,0.0003409308,0.03780628,,4.957663e-05,4021,0.01,0.0001,20,2,,,10
4022,model_type.poincare,activation.dmelu,,0.00034192417,0.037916437,,4.9559487e-05,4022,0.01,0.0001,20,2,,,10
4023,model_type.poincare,activation.dmelu,,0.00034099552,0.037813455,,4.952596e-05,4023,0.01,0.0001,20,2,,,10
4024,model_type.poincare,activation.dmelu,,0.00034152964,0.037872683,,4.9500773e-05,4024,0.01,0.0001,20,2,,,10
4025,model_type.poincare,activation.dmelu,,0.0003414991,0.0378693,,4.9477512e-05,4025,0.01,0.0001,20,2,,,10
4026,model_type.poincare,activation.dmelu,,0.0003410057,0.037814587,,4.9441504e-05,4026,0.01,0.0001,20,2,,,10
4027,model_type.poincare,activation.dmelu,,0.00034176896,0.037899222,,4.94198e-05,4027,0.01,0.0001,20,2,,,10
4028,model_type.poincare,activation.dmelu,,0.00034108627,0.03782352,,4.939214e-05,4028,0.01,0.0001,20,2,,,10
4029,model_type.poincare,activation.dmelu,,0.0003414082,0.037859216,,4.9364182e-05,4029,0.01,0.0001,20,2,,,10
4030,model_type.poincare,activation.dmelu,,0.00034143598,0.0378623,,4.933956e-05,4030,0.01,0.0001,20,2,,,10
4031,model_type.poincare,activation.dmelu,,0.00034108266,0.03782312,,4.9306844e-05,4031,0.01,0.0001,20,2,,,10
4032,model_type.poincare,activation.dmelu,,0.0003415945,0.03787988,,4.92818e-05,4032,0.01,0.0001,20,2,,,10
4033,model_type.poincare,activation.dmelu,,0.0003410923,0.037824187,,4.9255512e-05,4033,0.01,0.0001,20,2,,,10
4034,model_type.poincare,activation.dmelu,,0.00034133418,0.03785101,,4.9228016e-05,4034,0.01,0.0001,20,2,,,10
4035,model_type.poincare,activation.dmelu,,0.00034134588,0.037852306,,4.9201208e-05,4035,0.01,0.0001,20,2,,,10
4036,model_type.poincare,activation.dmelu,,0.0003411007,0.03782512,,4.917119e-05,4036,0.01,0.0001,20,2,,,10
4037,model_type.poincare,activation.dmelu,,0.00034142585,0.037861176,,4.9144848e-05,4037,0.01,0.0001,20,2,,,10
4038,model_type.poincare,activation.dmelu,,0.00034107335,0.037822086,,4.911799e-05,4038,0.01,0.0001,20,2,,,10
4039,model_type.poincare,activation.dmelu,,0.00034128185,0.037845206,,4.909157e-05,4039,0.01,0.0001,20,2,,,10
4040,model_type.poincare,activation.dmelu,,0.00034121872,0.037838206,,4.9063397e-05,4040,0.01,0.0001,20,2,,,10
4041,model_type.poincare,activation.dmelu,,0.0003411028,0.037825353,,4.9034563e-05,4041,0.01,0.0001,20,2,,,10
4042,model_type.poincare,activation.dmelu,,0.00034128665,0.03784574,,4.9008402e-05,4042,0.01,0.0001,20,2,,,10
4043,model_type.poincare,activation.dmelu,,0.00034104867,0.03781935,,4.8981183e-05,4043,0.01,0.0001,20,2,,,10
4044,model_type.poincare,activation.dmelu,,0.00034122955,0.03783941,,4.8954324e-05,4044,0.01,0.0001,20,2,,,10
4045,model_type.poincare,activation.dmelu,,0.00034111386,0.03782658,,4.8927046e-05,4045,0.01,0.0001,20,2,,,10
4046,model_type.poincare,activation.dmelu,,0.00034110429,0.037825517,,4.889897e-05,4046,0.01,0.0001,20,2,,,10
4047,model_type.poincare,activation.dmelu,,0.00034119093,0.037835125,,4.8872414e-05,4047,0.01,0.0001,20,2,,,10
4048,model_type.poincare,activation.dmelu,,0.00034102277,0.037816476,,4.8844886e-05,4048,0.01,0.0001,20,2,,,10
4049,model_type.poincare,activation.dmelu,,0.00034118182,0.037834115,,4.8819e-05,4049,0.01,0.0001,20,2,,,10
4050,model_type.poincare,activation.dmelu,,0.0003410461,0.037819065,,4.879138e-05,4050,0.01,0.0001,20,2,,,10
4051,model_type.poincare,activation.dmelu,,0.00034110193,0.037825257,,4.876457e-05,4051,0.01,0.0001,20,2,,,10
4052,model_type.poincare,activation.dmelu,,0.0003411049,0.037825584,,4.8737278e-05,4052,0.01,0.0001,20,2,,,10
4053,model_type.poincare,activation.dmelu,,0.0003410116,0.03781524,,4.8710994e-05,4053,0.01,0.0001,20,2,,,10
4054,model_type.poincare,activation.dmelu,,0.0003411361,0.037829045,,4.8684444e-05,4054,0.01,0.0001,20,2,,,10
4055,model_type.poincare,activation.dmelu,,0.00034100225,0.037814204,,4.8658756e-05,4055,0.01,0.0001,20,2,,,10
4056,model_type.poincare,activation.dmelu,,0.00034108217,0.037823062,,4.8631766e-05,4056,0.01,0.0001,20,2,,,10
4057,model_type.poincare,activation.dmelu,,0.0003410308,0.037817366,,4.8604605e-05,4057,0.01,0.0001,20,2,,,10
4058,model_type.poincare,activation.dmelu,,0.00034100955,0.037815012,,4.857942e-05,4058,0.01,0.0001,20,2,,,10
4059,model_type.poincare,activation.dmelu,,0.00034107122,0.03782185,,4.8553058e-05,4059,0.01,0.0001,20,2,,,10
4060,model_type.poincare,activation.dmelu,,0.0003409609,0.037809614,,4.8526847e-05,4060,0.01,0.0001,20,2,,,10
4061,model_type.poincare,activation.dmelu,,0.00034104448,0.037818886,,4.8501453e-05,4061,0.01,0.0001,20,2,,,10
4062,model_type.poincare,activation.dmelu,,0.00034096785,0.03781039,,4.847427e-05,4062,0.01,0.0001,20,2,,,10
4063,model_type.poincare,activation.dmelu,,0.0003409902,0.037812866,,4.845003e-05,4063,0.01,0.0001,20,2,,,10
4064,model_type.poincare,activation.dmelu,,0.00034099194,0.03781306,,4.8422924e-05,4064,0.01,0.0001,20,2,,,10
4065,model_type.poincare,activation.dmelu,,0.00034093595,0.03780685,,4.839933e-05,4065,0.01,0.0001,20,2,,,10
4066,model_type.poincare,activation.dmelu,,0.00034098275,0.03781204,,4.837221e-05,4066,0.01,0.0001,20,2,,,10
4067,model_type.poincare,activation.dmelu,,0.0003409252,0.037805658,,4.834653e-05,4067,0.01,0.0001,20,2,,,10
4068,model_type.poincare,activation.dmelu,,0.0003409515,0.037808575,,4.832235e-05,4068,0.01,0.0001,20,2,,,10
4069,model_type.poincare,activation.dmelu,,0.00034091476,0.0378045,,4.8296064e-05,4069,0.01,0.0001,20,2,,,10
4070,model_type.poincare,activation.dmelu,,0.0003409207,0.03780516,,4.8272283e-05,4070,0.01,0.0001,20,2,,,10
4071,model_type.poincare,activation.dmelu,,0.00034091124,0.037804108,,4.8245747e-05,4071,0.01,0.0001,20,2,,,10
4072,model_type.poincare,activation.dmelu,,0.0003408917,0.037801944,,4.8221682e-05,4072,0.01,0.0001,20,2,,,10
4073,model_type.poincare,activation.dmelu,,0.00034090003,0.037802868,,4.8196813e-05,4073,0.01,0.0001,20,2,,,10
4074,model_type.poincare,activation.dmelu,,0.00034087297,0.037799865,,4.8171183e-05,4074,0.01,0.0001,20,2,,,10
4075,model_type.poincare,activation.dmelu,,0.00034088618,0.037801333,,4.814823e-05,4075,0.01,0.0001,20,2,,,10
4076,model_type.poincare,activation.dmelu,,0.00034084916,0.037797228,,4.812221e-05,4076,0.01,0.0001,20,2,,,10
4077,model_type.poincare,activation.dmelu,,0.00034087204,0.037799764,,4.8099024e-05,4077,0.01,0.0001,20,2,,,10
4078,model_type.poincare,activation.dmelu,,0.00034084386,0.03779664,,4.8073893e-05,4078,0.01,0.0001,20,2,,,10
4079,model_type.poincare,activation.dmelu,,0.000340845,0.037796766,,4.8050264e-05,4079,0.01,0.0001,20,2,,,10
4080,model_type.poincare,activation.dmelu,,0.00034083848,0.037796043,,4.802606e-05,4080,0.01,0.0001,20,2,,,10
4081,model_type.poincare,activation.dmelu,,0.00034081677,0.037793633,,4.800181e-05,4081,0.01,0.0001,20,2,,,10
4082,model_type.poincare,activation.dmelu,,0.00034083854,0.037796047,,4.7978177e-05,4082,0.01,0.0001,20,2,,,10
4083,model_type.poincare,activation.dmelu,,0.0003407982,0.037791576,,4.7954425e-05,4083,0.01,0.0001,20,2,,,10
4084,model_type.poincare,activation.dmelu,,0.00034081622,0.037793573,,4.7930414e-05,4084,0.01,0.0001,20,2,,,10
4085,model_type.poincare,activation.dmelu,,0.00034079346,0.037791047,,4.7906906e-05,4085,0.01,0.0001,20,2,,,10
4086,model_type.poincare,activation.dmelu,,0.00034079468,0.037791185,,4.788342e-05,4086,0.01,0.0001,20,2,,,10
4087,model_type.poincare,activation.dmelu,,0.0003407941,0.037791118,,4.7860383e-05,4087,0.01,0.0001,20,2,,,10
4088,model_type.poincare,activation.dmelu,,0.00034076266,0.037787635,,4.7836307e-05,4088,0.01,0.0001,20,2,,,10
4089,model_type.poincare,activation.dmelu,,0.00034079427,0.03779114,,4.7813468e-05,4089,0.01,0.0001,20,2,,,10
4090,model_type.poincare,activation.dmelu,,0.0003407454,0.03778572,,4.7790065e-05,4090,0.01,0.0001,20,2,,,10
4091,model_type.poincare,activation.dmelu,,0.0003407829,0.037789878,,4.776735e-05,4091,0.01,0.0001,20,2,,,10
4092,model_type.poincare,activation.dmelu,,0.00034074104,0.037785236,,4.7744124e-05,4092,0.01,0.0001,20,2,,,10
4093,model_type.poincare,activation.dmelu,,0.0003407569,0.037786994,,4.7721303e-05,4093,0.01,0.0001,20,2,,,10
4094,model_type.poincare,activation.dmelu,,0.0003407449,0.037785664,,4.7697948e-05,4094,0.01,0.0001,20,2,,,10
4095,model_type.poincare,activation.dmelu,,0.00034073033,0.037784047,,4.767601e-05,4095,0.01,0.0001,20,2,,,10
4096,model_type.poincare,activation.dmelu,,0.00034074724,0.037785925,,4.7653197e-05,4096,0.01,0.0001,20,2,,,10
4097,model_type.poincare,activation.dmelu,,0.00034070908,0.037781693,,4.76303e-05,4097,0.01,0.0001,20,2,,,10
4098,model_type.poincare,activation.dmelu,,0.00034074375,0.037785538,,4.7607708e-05,4098,0.01,0.0001,20,2,,,10
4099,model_type.poincare,activation.dmelu,,0.00034069814,0.03778048,,4.758568e-05,4099,0.01,0.0001,20,2,,,10
4100,model_type.poincare,activation.dmelu,,0.00034073068,0.03778409,,4.7564045e-05,4100,0.01,0.0001,20,2,,,10
4101,model_type.poincare,activation.dmelu,,0.0003406923,0.03777983,,4.7541424e-05,4101,0.01,0.0001,20,2,,,10
4102,model_type.poincare,activation.dmelu,,0.00034071322,0.03778215,,4.7519257e-05,4102,0.01,0.0001,20,2,,,10
4103,model_type.poincare,activation.dmelu,,0.00034069023,0.037779603,,4.7497117e-05,4103,0.01,0.0001,20,2,,,10
4104,model_type.poincare,activation.dmelu,,0.00034069497,0.03778013,,4.747562e-05,4104,0.01,0.0001,20,2,,,10
4105,model_type.poincare,activation.dmelu,,0.00034069092,0.037779678,,4.7453235e-05,4105,0.01,0.0001,20,2,,,10
4106,model_type.poincare,activation.dmelu,,0.00034067582,0.037778005,,4.7432175e-05,4106,0.01,0.0001,20,2,,,10
4107,model_type.poincare,activation.dmelu,,0.00034068676,0.037779216,,4.7410107e-05,4107,0.01,0.0001,20,2,,,10
4108,model_type.poincare,activation.dmelu,,0.00034066397,0.03777669,,4.738837e-05,4108,0.01,0.0001,20,2,,,10
4109,model_type.poincare,activation.dmelu,,0.00034067474,0.037777886,,4.736725e-05,4109,0.01,0.0001,20,2,,,10
4110,model_type.poincare,activation.dmelu,,0.0003406541,0.037775595,,4.7345067e-05,4110,0.01,0.0001,20,2,,,10
4111,model_type.poincare,activation.dmelu,,0.00034067006,0.037777364,,4.7324087e-05,4111,0.01,0.0001,20,2,,,10
4112,model_type.poincare,activation.dmelu,,0.00034063964,0.037773993,,4.7302994e-05,4112,0.01,0.0001,20,2,,,10
4113,model_type.poincare,activation.dmelu,,0.00034066278,0.03777656,,4.7281803e-05,4113,0.01,0.0001,20,2,,,10
4114,model_type.poincare,activation.dmelu,,0.00034063027,0.037772954,,4.726e-05,4114,0.01,0.0001,20,2,,,10
4115,model_type.poincare,activation.dmelu,,0.0003406521,0.037775375,,4.723958e-05,4115,0.01,0.0001,20,2,,,10
4116,model_type.poincare,activation.dmelu,,0.00034061744,0.03777153,,4.7218102e-05,4116,0.01,0.0001,20,2,,,10
4117,model_type.poincare,activation.dmelu,,0.00034064928,0.037775062,,4.719738e-05,4117,0.01,0.0001,20,2,,,10
4118,model_type.poincare,activation.dmelu,,0.00034060358,0.037769992,,4.7176683e-05,4118,0.01,0.0001,20,2,,,10
4119,model_type.poincare,activation.dmelu,,0.00034064363,0.037774436,,4.71557e-05,4119,0.01,0.0001,20,2,,,10
4120,model_type.poincare,activation.dmelu,,0.00034059526,0.03776907,,4.713595e-05,4120,0.01,0.0001,20,2,,,10
4121,model_type.poincare,activation.dmelu,,0.00034062756,0.03777265,,4.7114274e-05,4121,0.01,0.0001,20,2,,,10
4122,model_type.poincare,activation.dmelu,,0.00034059517,0.03776906,,4.7093687e-05,4122,0.01,0.0001,20,2,,,10
4123,model_type.poincare,activation.dmelu,,0.00034061554,0.037771318,,4.707316e-05,4123,0.01,0.0001,20,2,,,10
4124,model_type.poincare,activation.dmelu,,0.0003405846,0.03776789,,4.705245e-05,4124,0.01,0.0001,20,2,,,10
4125,model_type.poincare,activation.dmelu,,0.00034060626,0.03777029,,4.703286e-05,4125,0.01,0.0001,20,2,,,10
4126,model_type.poincare,activation.dmelu,,0.0003405813,0.037767522,,4.7012592e-05,4126,0.01,0.0001,20,2,,,10
4127,model_type.poincare,activation.dmelu,,0.00034058993,0.03776848,,4.6992212e-05,4127,0.01,0.0001,20,2,,,10
4128,model_type.poincare,activation.dmelu,,0.0003405783,0.03776719,,4.697207e-05,4128,0.01,0.0001,20,2,,,10
4129,model_type.poincare,activation.dmelu,,0.00034057614,0.03776695,,4.6951453e-05,4129,0.01,0.0001,20,2,,,10
4130,model_type.poincare,activation.dmelu,,0.00034057378,0.037766688,,4.6931706e-05,4130,0.01,0.0001,20,2,,,10
4131,model_type.poincare,activation.dmelu,,0.00034056586,0.037765812,,4.69119e-05,4131,0.01,0.0001,20,2,,,10
4132,model_type.poincare,activation.dmelu,,0.0003405678,0.03776603,,4.689239e-05,4132,0.01,0.0001,20,2,,,10
4133,model_type.poincare,activation.dmelu,,0.00034055495,0.0377646,,4.6872352e-05,4133,0.01,0.0001,20,2,,,10
4134,model_type.poincare,activation.dmelu,,0.00034056223,0.037765406,,4.6853373e-05,4134,0.01,0.0001,20,2,,,10
4135,model_type.poincare,activation.dmelu,,0.00034054348,0.037763327,,4.6832465e-05,4135,0.01,0.0001,20,2,,,10
4136,model_type.poincare,activation.dmelu,,0.00034055405,0.0377645,,4.6814075e-05,4136,0.01,0.0001,20,2,,,10
4137,model_type.poincare,activation.dmelu,,0.00034053824,0.037762746,,4.6793524e-05,4137,0.01,0.0001,20,2,,,10
4138,model_type.poincare,activation.dmelu,,0.00034055056,0.037764113,,4.677704e-05,4138,0.01,0.0001,20,2,,,10
4139,model_type.poincare,activation.dmelu,,0.0003405207,0.0377608,,4.675558e-05,4139,0.01,0.0001,20,2,,,10
4140,model_type.poincare,activation.dmelu,,0.00034055792,0.03776493,,4.674055e-05,4140,0.01,0.0001,20,2,,,10
4141,model_type.poincare,activation.dmelu,,0.00034050352,0.037758898,,4.671896e-05,4141,0.01,0.0001,20,2,,,10
4142,model_type.poincare,activation.dmelu,,0.0003405864,0.03776809,,4.6709654e-05,4142,0.01,0.0001,20,2,,,10
4143,model_type.poincare,activation.dmelu,,0.00034046918,0.03775509,,4.6690282e-05,4143,0.01,0.0001,20,2,,,10
4144,model_type.poincare,activation.dmelu,,0.0003406774,0.037778176,,4.6696026e-05,4144,0.01,0.0001,20,2,,,10
4145,model_type.poincare,activation.dmelu,,0.00034043277,0.037751053,,4.6688976e-05,4145,0.01,0.0001,20,2,,,10
4146,model_type.poincare,activation.dmelu,,0.00034093528,0.037806775,,4.6740213e-05,4146,0.01,0.0001,20,2,,,10
4147,model_type.poincare,activation.dmelu,,0.0003404472,0.037752654,,4.6789086e-05,4147,0.01,0.0001,20,2,,,10
4148,model_type.poincare,activation.dmelu,,0.00034170962,0.037892643,,4.699053e-05,4148,0.01,0.0001,20,2,,,10
4149,model_type.poincare,activation.dmelu,,0.00034085248,0.037797593,,4.7271908e-05,4149,0.01,0.0001,20,2,,,10
4150,model_type.poincare,activation.dmelu,,0.00034418635,0.03816729,,4.8016766e-05,4150,0.01,0.0001,20,2,,,10
4151,model_type.poincare,activation.dmelu,,0.00034322526,0.038060714,,4.9253158e-05,4151,0.01,0.0001,20,2,,,10
4152,model_type.poincare,activation.dmelu,,0.00035273848,0.03911565,,5.206968e-05,4152,0.01,0.0001,20,2,,,10
4153,model_type.poincare,activation.dmelu,,0.00035457656,0.039319478,,5.719914e-05,4153,0.01,0.0001,20,2,,,10
4154,model_type.poincare,activation.dmelu,,0.00038381488,0.042561755,,6.818817e-05,4154,0.01,0.0001,20,2,,,10
4155,model_type.poincare,activation.dmelu,,0.00040382007,0.044780154,,8.899277e-05,4155,0.01,0.0001,20,2,,,10
4156,model_type.poincare,activation.dmelu,,0.00049415644,0.05479768,,0.00013153254,4156,0.01,0.0001,20,2,,,10
4157,model_type.poincare,activation.dmelu,,0.00058329775,0.06468268,,0.00020911307,4157,0.01,0.0001,20,2,,,10
4158,model_type.poincare,activation.dmelu,,0.0007901553,0.0876214,,0.00034929017,4158,0.01,0.0001,20,2,,,10
4159,model_type.poincare,activation.dmelu,,0.0009429099,0.10456056,,0.00054599805,4159,0.01,0.0001,20,2,,,10
4160,model_type.poincare,activation.dmelu,,0.0010125602,0.112284176,,0.00076412305,4160,0.01,0.0001,20,2,,,10
4161,model_type.poincare,activation.dmelu,,0.0008903797,0.098735414,,0.0008162178,4161,0.01,0.0001,20,2,,,10
4162,model_type.poincare,activation.dmelu,,0.0006555759,0.0726977,,0.0006773028,4162,0.01,0.0001,20,2,,,10
4163,model_type.poincare,activation.dmelu,,0.0005447594,0.060409106,,0.00041570925,4163,0.01,0.0001,20,2,,,10
4164,model_type.poincare,activation.dmelu,,0.0006134201,0.06802299,,0.00032113894,4164,0.01,0.0001,20,2,,,10
4165,model_type.poincare,activation.dmelu,,0.00056833815,0.06302379,,0.00035984666,4165,0.01,0.0001,20,2,,,10
4166,model_type.poincare,activation.dmelu,,0.0006515626,0.07225266,,0.0004016707,4166,0.01,0.0001,20,2,,,10
4167,model_type.poincare,activation.dmelu,,0.00044524783,0.049374137,,0.0003376486,4167,0.01,0.0001,20,2,,,10
4168,model_type.poincare,activation.dmelu,,0.00046273437,0.051313244,,0.0002238692,4168,0.01,0.0001,20,2,,,10
4169,model_type.poincare,activation.dmelu,,0.0004628829,0.051329713,,0.00015956801,4169,0.01,0.0001,20,2,,,10
4170,model_type.poincare,activation.dmelu,,0.00045703043,0.050680723,,0.0001781101,4170,0.01,0.0001,20,2,,,10
4171,model_type.poincare,activation.dmelu,,0.00052678114,0.058415476,,0.00022624193,4171,0.01,0.0001,20,2,,,10
4172,model_type.poincare,activation.dmelu,,0.00038526542,0.042722605,,0.00019556461,4172,0.01,0.0001,20,2,,,10
4173,model_type.poincare,activation.dmelu,,0.0004096202,0.04542334,,0.00011893445,4173,0.01,0.0001,20,2,,,10
4174,model_type.poincare,activation.dmelu,,0.0004818493,0.053432923,,0.0001260085,4174,0.01,0.0001,20,2,,,10
4175,model_type.poincare,activation.dmelu,,0.000396622,0.04398195,,0.00016636583,4175,0.01,0.0001,20,2,,,10
4176,model_type.poincare,activation.dmelu,,0.00039292514,0.043572,,0.00012625041,4176,0.01,0.0001,20,2,,,10
4177,model_type.poincare,activation.dmelu,,0.0004419649,0.049010087,,9.2848335e-05,4177,0.01,0.0001,20,2,,,10
4178,model_type.poincare,activation.dmelu,,0.00039345375,0.043630622,,0.00012847123,4178,0.01,0.0001,20,2,,,10
4179,model_type.poincare,activation.dmelu,,0.00037949215,0.0420824,,0.000119490076,4179,0.01,0.0001,20,2,,,10
4180,model_type.poincare,activation.dmelu,,0.00041166277,0.04564984,,7.463317e-05,4180,0.01,0.0001,20,2,,,10
4181,model_type.poincare,activation.dmelu,,0.00038733255,0.042951833,,9.344521e-05,4181,0.01,0.0001,20,2,,,10
4182,model_type.poincare,activation.dmelu,,0.00039261451,0.043537557,,0.000115989875,4182,0.01,0.0001,20,2,,,10
4183,model_type.poincare,activation.dmelu,,0.00037786478,0.04190194,,7.928425e-05,4183,0.01,0.0001,20,2,,,10
4184,model_type.poincare,activation.dmelu,,0.0003687898,0.0408956,,6.625276e-05,4184,0.01,0.0001,20,2,,,10
4185,model_type.poincare,activation.dmelu,,0.00040255618,0.04464,,9.443349e-05,4185,0.01,0.0001,20,2,,,10
4186,model_type.poincare,activation.dmelu,,0.0003606682,0.039994985,,8.307531e-05,4186,0.01,0.0001,20,2,,,10
4187,model_type.poincare,activation.dmelu,,0.00036099678,0.040031422,,6.079779e-05,4187,0.01,0.0001,20,2,,,10
4188,model_type.poincare,activation.dmelu,,0.00039575977,0.043886337,,7.819967e-05,4188,0.01,0.0001,20,2,,,10
4189,model_type.poincare,activation.dmelu,,0.00035127706,0.03895359,,8.045726e-05,4189,0.01,0.0001,20,2,,,10
4190,model_type.poincare,activation.dmelu,,0.00035349338,0.03919936,,5.7742942e-05,4190,0.01,0.0001,20,2,,,10
4191,model_type.poincare,activation.dmelu,,0.00038397507,0.042579517,,6.2256244e-05,4191,0.01,0.0001,20,2,,,10
4192,model_type.poincare,activation.dmelu,,0.00035157186,0.03898628,,7.558651e-05,4192,0.01,0.0001,20,2,,,10
4193,model_type.poincare,activation.dmelu,,0.00034899462,0.038700487,,6.304048e-05,4193,0.01,0.0001,20,2,,,10
4194,model_type.poincare,activation.dmelu,,0.0003703715,0.041070998,,5.501449e-05,4194,0.01,0.0001,20,2,,,10
4195,model_type.poincare,activation.dmelu,,0.00034605648,0.038374674,,6.447044e-05,4195,0.01,0.0001,20,2,,,10
4196,model_type.poincare,activation.dmelu,,0.0003488068,0.03867966,,6.180865e-05,4196,0.01,0.0001,20,2,,,10
4197,model_type.poincare,activation.dmelu,,0.0003599246,0.039912526,,5.4037966e-05,4197,0.01,0.0001,20,2,,,10
4198,model_type.poincare,activation.dmelu,,0.0003419062,0.037914444,,5.898092e-05,4198,0.01,0.0001,20,2,,,10
4199,model_type.poincare,activation.dmelu,,0.00034995406,0.03880688,,6.005494e-05,4199,0.01,0.0001,20,2,,,10
4200,model_type.poincare,activation.dmelu,,0.00034700963,0.038480368,,5.3345695e-05,4200,0.01,0.0001,20,2,,,10
4201,model_type.poincare,activation.dmelu,,0.00033932668,0.037628397,,5.332196e-05,4201,0.01,0.0001,20,2,,,10
4202,model_type.poincare,activation.dmelu,,0.000349387,0.038744,,5.6585777e-05,4202,0.01,0.0001,20,2,,,10
4203,model_type.poincare,activation.dmelu,,0.00034054034,0.03776298,,5.4080774e-05,4203,0.01,0.0001,20,2,,,10
4204,model_type.poincare,activation.dmelu,,0.00033708624,0.03737995,,5.1819898e-05,4204,0.01,0.0001,20,2,,,10
4205,model_type.poincare,activation.dmelu,,0.00034509972,0.038268577,,5.3727297e-05,4205,0.01,0.0001,20,2,,,10
4206,model_type.poincare,activation.dmelu,,0.0003368551,0.03735432,,5.2788357e-05,4206,0.01,0.0001,20,2,,,10
4207,model_type.poincare,activation.dmelu,,0.00033367952,0.037002176,,5.035003e-05,4207,0.01,0.0001,20,2,,,10
4208,model_type.poincare,activation.dmelu,,0.00034330066,0.038069077,,5.148309e-05,4208,0.01,0.0001,20,2,,,10
4209,model_type.poincare,activation.dmelu,,0.00033304954,0.036932316,,5.2113664e-05,4209,0.01,0.0001,20,2,,,10
4210,model_type.poincare,activation.dmelu,,0.0003324662,0.03686763,,5.0386367e-05,4210,0.01,0.0001,20,2,,,10
4211,model_type.poincare,activation.dmelu,,0.00033996097,0.037698735,,4.986812e-05,4211,0.01,0.0001,20,2,,,10
4212,model_type.poincare,activation.dmelu,,0.00032908499,0.03649268,,5.0501403e-05,4212,0.01,0.0001,20,2,,,10
4213,model_type.poincare,activation.dmelu,,0.00033373752,0.037008606,,4.980505e-05,4213,0.01,0.0001,20,2,,,10
4214,model_type.poincare,activation.dmelu,,0.0003348158,0.037128177,,4.9265633e-05,4214,0.01,0.0001,20,2,,,10
4215,model_type.poincare,activation.dmelu,,0.0003289426,0.03647689,,4.9705148e-05,4215,0.01,0.0001,20,2,,,10
4216,model_type.poincare,activation.dmelu,,0.0003322819,0.03684719,,4.9313163e-05,4216,0.01,0.0001,20,2,,,10
4217,model_type.poincare,activation.dmelu,,0.00033163666,0.03677564,,4.8802667e-05,4217,0.01,0.0001,20,2,,,10
4218,model_type.poincare,activation.dmelu,,0.00032914217,0.036499023,,4.882459e-05,4218,0.01,0.0001,20,2,,,10
4219,model_type.poincare,activation.dmelu,,0.00033019262,0.036615506,,4.8772014e-05,4219,0.01,0.0001,20,2,,,10
4220,model_type.poincare,activation.dmelu,,0.00033071605,0.036673553,,4.8411926e-05,4220,0.01,0.0001,20,2,,,10
4221,model_type.poincare,activation.dmelu,,0.0003277956,0.0363497,,4.838026e-05,4221,0.01,0.0001,20,2,,,10
4222,model_type.poincare,activation.dmelu,,0.00033114097,0.03672067,,4.862277e-05,4222,0.01,0.0001,20,2,,,10
4223,model_type.poincare,activation.dmelu,,0.0003279238,0.036363915,,4.812856e-05,4223,0.01,0.0001,20,2,,,10
4224,model_type.poincare,activation.dmelu,,0.00032813573,0.036387417,,4.7837944e-05,4224,0.01,0.0001,20,2,,,10
4225,model_type.poincare,activation.dmelu,,0.00033099725,0.036704734,,4.8096677e-05,4225,0.01,0.0001,20,2,,,10
4226,model_type.poincare,activation.dmelu,,0.00032653756,0.036210194,,4.803637e-05,4226,0.01,0.0001,20,2,,,10
4227,model_type.poincare,activation.dmelu,,0.00032967032,0.03655759,,4.770747e-05,4227,0.01,0.0001,20,2,,,10
4228,model_type.poincare,activation.dmelu,,0.00032904677,0.036488444,,4.772142e-05,4228,0.01,0.0001,20,2,,,10
4229,model_type.poincare,activation.dmelu,,0.0003278798,0.036359034,,4.7930072e-05,4229,0.01,0.0001,20,2,,,10
4230,model_type.poincare,activation.dmelu,,0.00032898824,0.036481954,,4.7642727e-05,4230,0.01,0.0001,20,2,,,10
4231,model_type.poincare,activation.dmelu,,0.00032929456,0.03651592,,4.7435766e-05,4231,0.01,0.0001,20,2,,,10
4232,model_type.poincare,activation.dmelu,,0.00032784714,0.036355413,,4.755208e-05,4232,0.01,0.0001,20,2,,,10
4233,model_type.poincare,activation.dmelu,,0.00032927783,0.036514066,,4.7579157e-05,4233,0.01,0.0001,20,2,,,10
4234,model_type.poincare,activation.dmelu,,0.00032943863,0.036531895,,4.7389967e-05,4234,0.01,0.0001,20,2,,,10
4235,model_type.poincare,activation.dmelu,,0.00032782686,0.036353163,,4.7335783e-05,4235,0.01,0.0001,20,2,,,10
4236,model_type.poincare,activation.dmelu,,0.000330272,0.036624312,,4.7488484e-05,4236,0.01,0.0001,20,2,,,10
4237,model_type.poincare,activation.dmelu,,0.00032840524,0.0364173,,4.73695e-05,4237,0.01,0.0001,20,2,,,10
4238,model_type.poincare,activation.dmelu,,0.00032922233,0.036507912,,4.7228554e-05,4238,0.01,0.0001,20,2,,,10
4239,model_type.poincare,activation.dmelu,,0.00032948697,0.036537256,,4.7246405e-05,4239,0.01,0.0001,20,2,,,10
4240,model_type.poincare,activation.dmelu,,0.00032919936,0.036505364,,4.730962e-05,4240,0.01,0.0001,20,2,,,10
4241,model_type.poincare,activation.dmelu,,0.00032913018,0.036497694,,4.7208207e-05,4241,0.01,0.0001,20,2,,,10
4242,model_type.poincare,activation.dmelu,,0.00032970388,0.03656131,,4.712045e-05,4242,0.01,0.0001,20,2,,,10
4243,model_type.poincare,activation.dmelu,,0.00032928618,0.03651499,,4.7199763e-05,4243,0.01,0.0001,20,2,,,10
4244,model_type.poincare,activation.dmelu,,0.00032945842,0.03653409,,4.7184367e-05,4244,0.01,0.0001,20,2,,,10
4245,model_type.poincare,activation.dmelu,,0.00032978714,0.036570545,,4.7110654e-05,4245,0.01,0.0001,20,2,,,10
4246,model_type.poincare,activation.dmelu,,0.00032909718,0.03649403,,4.7059617e-05,4246,0.01,0.0001,20,2,,,10
4247,model_type.poincare,activation.dmelu,,0.000330166,0.036612555,,4.709898e-05,4247,0.01,0.0001,20,2,,,10
4248,model_type.poincare,activation.dmelu,,0.00032928932,0.03651534,,4.707718e-05,4248,0.01,0.0001,20,2,,,10
4249,model_type.poincare,activation.dmelu,,0.0003297676,0.036568373,,4.701857e-05,4249,0.01,0.0001,20,2,,,10
4250,model_type.poincare,activation.dmelu,,0.0003298695,0.036579676,,4.7011887e-05,4250,0.01,0.0001,20,2,,,10
4251,model_type.poincare,activation.dmelu,,0.00032980798,0.036572855,,4.701993e-05,4251,0.01,0.0001,20,2,,,10
4252,model_type.poincare,activation.dmelu,,0.0003294987,0.036538556,,4.7001617e-05,4252,0.01,0.0001,20,2,,,10
4253,model_type.poincare,activation.dmelu,,0.00033049562,0.036649108,,4.695437e-05,4253,0.01,0.0001,20,2,,,10
4254,model_type.poincare,activation.dmelu,,0.00032937693,0.036525056,,4.695679e-05,4254,0.01,0.0001,20,2,,,10
4255,model_type.poincare,activation.dmelu,,0.0003302944,0.036626793,,4.6939196e-05,4255,0.01,0.0001,20,2,,,10
4256,model_type.poincare,activation.dmelu,,0.00032999628,0.036593735,,4.691441e-05,4256,0.01,0.0001,20,2,,,10
4257,model_type.poincare,activation.dmelu,,0.00033003077,0.03659756,,4.6889858e-05,4257,0.01,0.0001,20,2,,,10
4258,model_type.poincare,activation.dmelu,,0.00033011643,0.036607057,,4.6879817e-05,4258,0.01,0.0001,20,2,,,10
4259,model_type.poincare,activation.dmelu,,0.00033045557,0.036644667,,4.687044e-05,4259,0.01,0.0001,20,2,,,10
4260,model_type.poincare,activation.dmelu,,0.00032976575,0.036568172,,4.6839137e-05,4260,0.01,0.0001,20,2,,,10
4261,model_type.poincare,activation.dmelu,,0.00033082865,0.036686037,,4.6830297e-05,4261,0.01,0.0001,20,2,,,10
4262,model_type.poincare,activation.dmelu,,0.00032994355,0.036587887,,4.6813126e-05,4262,0.01,0.0001,20,2,,,10
4263,model_type.poincare,activation.dmelu,,0.00033064446,0.03666561,,4.680601e-05,4263,0.01,0.0001,20,2,,,10
4264,model_type.poincare,activation.dmelu,,0.00033027484,0.036624625,,4.677157e-05,4264,0.01,0.0001,20,2,,,10
4265,model_type.poincare,activation.dmelu,,0.0003306621,0.036667567,,4.676993e-05,4265,0.01,0.0001,20,2,,,10
4266,model_type.poincare,activation.dmelu,,0.00033024332,0.03662113,,4.6744597e-05,4266,0.01,0.0001,20,2,,,10
4267,model_type.poincare,activation.dmelu,,0.00033106084,0.036711786,,4.6736743e-05,4267,0.01,0.0001,20,2,,,10
4268,model_type.poincare,activation.dmelu,,0.0003298977,0.036582805,,4.671283e-05,4268,0.01,0.0001,20,2,,,10
4269,model_type.poincare,activation.dmelu,,0.00033149813,0.036760278,,4.6705605e-05,4269,0.01,0.0001,20,2,,,10
4270,model_type.poincare,activation.dmelu,,0.0003298066,0.0365727,,4.669056e-05,4270,0.01,0.0001,20,2,,,10
4271,model_type.poincare,activation.dmelu,,0.00033163303,0.036775235,,4.6684836e-05,4271,0.01,0.0001,20,2,,,10
4272,model_type.poincare,activation.dmelu,,0.00032976878,0.036568508,,4.6669873e-05,4272,0.01,0.0001,20,2,,,10
4273,model_type.poincare,activation.dmelu,,0.0003320956,0.036826532,,4.668407e-05,4273,0.01,0.0001,20,2,,,10
4274,model_type.poincare,activation.dmelu,,0.00032917992,0.036503207,,4.6682384e-05,4274,0.01,0.0001,20,2,,,10
4275,model_type.poincare,activation.dmelu,,0.00033326834,0.03695658,,4.6724235e-05,4275,0.01,0.0001,20,2,,,10
4276,model_type.poincare,activation.dmelu,,0.00032809845,0.036383282,,4.6763802e-05,4276,0.01,0.0001,20,2,,,10
4277,model_type.poincare,activation.dmelu,,0.00033506352,0.03715565,,4.6892044e-05,4277,0.01,0.0001,20,2,,,10
4278,model_type.poincare,activation.dmelu,,0.00032680263,0.036239587,,4.705328e-05,4278,0.01,0.0001,20,2,,,10
4279,model_type.poincare,activation.dmelu,,0.00033808837,0.03749108,,4.7421345e-05,4279,0.01,0.0001,20,2,,,10
4280,model_type.poincare,activation.dmelu,,0.000325029,0.036042906,,4.7948666e-05,4280,0.01,0.0001,20,2,,,10
4281,model_type.poincare,activation.dmelu,,0.00034461217,0.038214512,,4.904548e-05,4281,0.01,0.0001,20,2,,,10
4282,model_type.poincare,activation.dmelu,,0.00032303552,0.035821848,,5.0752322e-05,4282,0.01,0.0001,20,2,,,10
4283,model_type.poincare,activation.dmelu,,0.0003595708,0.039873295,,5.4099317e-05,4283,0.01,0.0001,20,2,,,10
4284,model_type.poincare,activation.dmelu,,0.0003246741,0.036003552,,5.9668575e-05,4284,0.01,0.0001,20,2,,,10
4285,model_type.poincare,activation.dmelu,,0.0003959772,0.043910448,,7.023214e-05,4285,0.01,0.0001,20,2,,,10
4286,model_type.poincare,activation.dmelu,,0.00034478254,0.038233403,,8.830105e-05,4286,0.01,0.0001,20,2,,,10
4287,model_type.poincare,activation.dmelu,,0.0004874961,0.054059103,,0.000121288,4287,0.01,0.0001,20,2,,,10
4288,model_type.poincare,activation.dmelu,,0.00042296882,0.046903588,,0.00017558059,4288,0.01,0.0001,20,2,,,10
4289,model_type.poincare,activation.dmelu,,0.0006806152,0.075474344,,0.00026457387,4289,0.01,0.0001,20,2,,,10
4290,model_type.poincare,activation.dmelu,,0.00057926093,0.06423503,,0.00038319957,4290,0.01,0.0001,20,2,,,10
4291,model_type.poincare,activation.dmelu,,0.00085997244,0.09536351,,0.0005204886,4291,0.01,0.0001,20,2,,,10
4292,model_type.poincare,activation.dmelu,,0.00061548944,0.06825246,,0.000592147,4292,0.01,0.0001,20,2,,,10
4293,model_type.poincare,activation.dmelu,,0.00070691766,0.07839106,,0.00057328725,4293,0.01,0.0001,20,2,,,10
4294,model_type.poincare,activation.dmelu,,0.00048327007,0.053590473,,0.00042236733,4294,0.01,0.0001,20,2,,,10
4295,model_type.poincare,activation.dmelu,,0.0004863996,0.053937513,,0.00028751147,4295,0.01,0.0001,20,2,,,10
4296,model_type.poincare,activation.dmelu,,0.00053312164,0.05911858,,0.00021799255,4296,0.01,0.0001,20,2,,,10
4297,model_type.poincare,activation.dmelu,,0.00043050115,0.047738858,,0.00023865774,4297,0.01,0.0001,20,2,,,10
4298,model_type.poincare,activation.dmelu,,0.00049318414,0.054689858,,0.0002383193,4298,0.01,0.0001,20,2,,,10
4299,model_type.poincare,activation.dmelu,,0.0003713167,0.041175812,,0.000173988,4299,0.01,0.0001,20,2,,,10
4300,model_type.poincare,activation.dmelu,,0.00040145594,0.044517994,,0.00011200329,4300,0.01,0.0001,20,2,,,10
4301,model_type.poincare,activation.dmelu,,0.0004934714,0.054721713,,0.00012652006,4301,0.01,0.0001,20,2,,,10
4302,model_type.poincare,activation.dmelu,,0.00042169946,0.046762824,,0.00018975936,4302,0.01,0.0001,20,2,,,10
4303,model_type.poincare,activation.dmelu,,0.0004124567,0.04573788,,0.0001845014,4303,0.01,0.0001,20,2,,,10
4304,model_type.poincare,activation.dmelu,,0.0003622309,0.040168278,,0.000106279134,4304,0.01,0.0001,20,2,,,10
4305,model_type.poincare,activation.dmelu,,0.00036615937,0.04060391,,6.115909e-05,4305,0.01,0.0001,20,2,,,10
4306,model_type.poincare,activation.dmelu,,0.00045229148,0.050155215,,0.000104075276,4306,0.01,0.0001,20,2,,,10
4307,model_type.poincare,activation.dmelu,,0.0003870362,0.04291897,,0.00014882992,4307,0.01,0.0001,20,2,,,10
4308,model_type.poincare,activation.dmelu,,0.00035156228,0.03898522,,0.00011460008,4308,0.01,0.0001,20,2,,,10
4309,model_type.poincare,activation.dmelu,,0.00038113046,0.042264074,,6.4585e-05,4309,0.01,0.0001,20,2,,,10
4310,model_type.poincare,activation.dmelu,,0.00036312727,0.040267676,,7.298327e-05,4310,0.01,0.0001,20,2,,,10
4311,model_type.poincare,activation.dmelu,,0.00039392203,0.04368255,,0.00010371853,4311,0.01,0.0001,20,2,,,10
4312,model_type.poincare,activation.dmelu,,0.00036100473,0.040032305,,9.441376e-05,4312,0.01,0.0001,20,2,,,10
4313,model_type.poincare,activation.dmelu,,0.0003394652,0.037643757,,6.757546e-05,4313,0.01,0.0001,20,2,,,10
4314,model_type.poincare,activation.dmelu,,0.000389245,0.043163907,,7.119715e-05,4314,0.01,0.0001,20,2,,,10
4315,model_type.poincare,activation.dmelu,,0.00034424325,0.0381736,,8.327084e-05,4315,0.01,0.0001,20,2,,,10
4316,model_type.poincare,activation.dmelu,,0.00034874154,0.03867242,,7.336457e-05,4316,0.01,0.0001,20,2,,,10
4317,model_type.poincare,activation.dmelu,,0.0003677544,0.040780783,,6.0107006e-05,4317,0.01,0.0001,20,2,,,10
4318,model_type.poincare,activation.dmelu,,0.00033924784,0.037619654,,6.672812e-05,4318,0.01,0.0001,20,2,,,10
4319,model_type.poincare,activation.dmelu,,0.00036681804,0.04067695,,7.6560296e-05,4319,0.01,0.0001,20,2,,,10
4320,model_type.poincare,activation.dmelu,,0.0003375498,0.037431356,,6.602027e-05,4320,0.01,0.0001,20,2,,,10
4321,model_type.poincare,activation.dmelu,,0.000336703,0.037337452,,5.3527863e-05,4321,0.01,0.0001,20,2,,,10
4322,model_type.poincare,activation.dmelu,,0.00036817676,0.04082762,,5.837625e-05,4322,0.01,0.0001,20,2,,,10
4323,model_type.poincare,activation.dmelu,,0.00033222762,0.036841173,,6.745812e-05,4323,0.01,0.0001,20,2,,,10
4324,model_type.poincare,activation.dmelu,,0.00034801374,0.038591716,,6.4145715e-05,4324,0.01,0.0001,20,2,,,10
4325,model_type.poincare,activation.dmelu,,0.00034356685,0.038098592,,5.365962e-05,4325,0.01,0.0001,20,2,,,10
4326,model_type.poincare,activation.dmelu,,0.00033162953,0.036774848,,5.3055384e-05,4326,0.01,0.0001,20,2,,,10
4327,model_type.poincare,activation.dmelu,,0.00035647812,0.039530344,,5.880529e-05,4327,0.01,0.0001,20,2,,,10
4328,model_type.poincare,activation.dmelu,,0.0003304229,0.036641043,,5.8714413e-05,4328,0.01,0.0001,20,2,,,10
4329,model_type.poincare,activation.dmelu,,0.0003380448,0.037486248,,5.4455773e-05,4329,0.01,0.0001,20,2,,,10
4330,model_type.poincare,activation.dmelu,,0.00034583788,0.038350433,,5.2591015e-05,4330,0.01,0.0001,20,2,,,10
4331,model_type.poincare,activation.dmelu,,0.00032771743,0.03634103,,5.4363245e-05,4331,0.01,0.0001,20,2,,,10
4332,model_type.poincare,activation.dmelu,,0.00034283797,0.03801777,,5.4263415e-05,4332,0.01,0.0001,20,2,,,10
4333,model_type.poincare,activation.dmelu,,0.0003325434,0.036876187,,5.1943836e-05,4333,0.01,0.0001,20,2,,,10
4334,model_type.poincare,activation.dmelu,,0.00033188047,0.036802676,,5.1523657e-05,4334,0.01,0.0001,20,2,,,10
4335,model_type.poincare,activation.dmelu,,0.00034117376,0.03783322,,5.264353e-05,4335,0.01,0.0001,20,2,,,10
4336,model_type.poincare,activation.dmelu,,0.0003264916,0.036205098,,5.286661e-05,4336,0.01,0.0001,20,2,,,10
4337,model_type.poincare,activation.dmelu,,0.0003330896,0.03693676,,5.0829294e-05,4337,0.01,0.0001,20,2,,,10
4338,model_type.poincare,activation.dmelu,,0.00033298292,0.03692493,,4.9380254e-05,4338,0.01,0.0001,20,2,,,10
4339,model_type.poincare,activation.dmelu,,0.00032684574,0.036244366,,5.0210543e-05,4339,0.01,0.0001,20,2,,,10
4340,model_type.poincare,activation.dmelu,,0.00033520177,0.03717098,,5.135566e-05,4340,0.01,0.0001,20,2,,,10
4341,model_type.poincare,activation.dmelu,,0.00032679483,0.036238723,,5.0999908e-05,4341,0.01,0.0001,20,2,,,10
4342,model_type.poincare,activation.dmelu,,0.00032643185,0.03619847,,4.9292514e-05,4342,0.01,0.0001,20,2,,,10
4343,model_type.poincare,activation.dmelu,,0.00033216018,0.036833692,,4.877002e-05,4343,0.01,0.0001,20,2,,,10
4344,model_type.poincare,activation.dmelu,,0.00032357252,0.035881396,,4.9372302e-05,4344,0.01,0.0001,20,2,,,10
4345,model_type.poincare,activation.dmelu,,0.00032989323,0.036582306,,4.9734743e-05,4345,0.01,0.0001,20,2,,,10
4346,model_type.poincare,activation.dmelu,,0.00032697545,0.036258753,,4.9324735e-05,4346,0.01,0.0001,20,2,,,10
4347,model_type.poincare,activation.dmelu,,0.00032296314,0.03581382,,4.860128e-05,4347,0.01,0.0001,20,2,,,10
4348,model_type.poincare,activation.dmelu,,0.0003308019,0.03668307,,4.8719998e-05,4348,0.01,0.0001,20,2,,,10
4349,model_type.poincare,activation.dmelu,,0.00032187274,0.035692904,,4.8845992e-05,4349,0.01,0.0001,20,2,,,10
4350,model_type.poincare,activation.dmelu,,0.00032690575,0.036251023,,4.865613e-05,4350,0.01,0.0001,20,2,,,10
4351,model_type.poincare,activation.dmelu,,0.00032639512,0.0361944,,4.822135e-05,4351,0.01,0.0001,20,2,,,10
4352,model_type.poincare,activation.dmelu,,0.00032156974,0.035659306,,4.8026115e-05,4352,0.01,0.0001,20,2,,,10
4353,model_type.poincare,activation.dmelu,,0.00032956756,0.036546193,,4.840292e-05,4353,0.01,0.0001,20,2,,,10
4354,model_type.poincare,activation.dmelu,,0.00032156266,0.03565852,,4.847331e-05,4354,0.01,0.0001,20,2,,,10
4355,model_type.poincare,activation.dmelu,,0.000325705,0.03611787,,4.819565e-05,4355,0.01,0.0001,20,2,,,10
4356,model_type.poincare,activation.dmelu,,0.00032564267,0.036110956,,4.772381e-05,4356,0.01,0.0001,20,2,,,10
4357,model_type.poincare,activation.dmelu,,0.00032179835,0.035684656,,4.7679812e-05,4357,0.01,0.0001,20,2,,,10
4358,model_type.poincare,activation.dmelu,,0.00032807505,0.03638069,,4.7931815e-05,4358,0.01,0.0001,20,2,,,10
4359,model_type.poincare,activation.dmelu,,0.0003221034,0.035718486,,4.7967653e-05,4359,0.01,0.0001,20,2,,,10
4360,model_type.poincare,activation.dmelu,,0.00032534695,0.036078166,,4.781008e-05,4360,0.01,0.0001,20,2,,,10
4361,model_type.poincare,activation.dmelu,,0.0003253357,0.03607692,,4.7564823e-05,4361,0.01,0.0001,20,2,,,10
4362,model_type.poincare,activation.dmelu,,0.00032292466,0.035809554,,4.7629866e-05,4362,0.01,0.0001,20,2,,,10
4363,model_type.poincare,activation.dmelu,,0.00032665528,0.036223248,,4.7636404e-05,4363,0.01,0.0001,20,2,,,10
4364,model_type.poincare,activation.dmelu,,0.0003232541,0.035846084,,4.7577993e-05,4364,0.01,0.0001,20,2,,,10
4365,model_type.poincare,activation.dmelu,,0.00032501412,0.036041256,,4.743936e-05,4365,0.01,0.0001,20,2,,,10
4366,model_type.poincare,activation.dmelu,,0.00032549698,0.036094803,,4.7362755e-05,4366,0.01,0.0001,20,2,,,10
4367,model_type.poincare,activation.dmelu,,0.00032386134,0.035913423,,4.746164e-05,4367,0.01,0.0001,20,2,,,10
4368,model_type.poincare,activation.dmelu,,0.00032599235,0.036149733,,4.7443944e-05,4368,0.01,0.0001,20,2,,,10
4369,model_type.poincare,activation.dmelu,,0.0003245047,0.03598477,,4.7423593e-05,4369,0.01,0.0001,20,2,,,10
4370,model_type.poincare,activation.dmelu,,0.00032477427,0.03601466,,4.7284026e-05,4370,0.01,0.0001,20,2,,,10
4371,model_type.poincare,activation.dmelu,,0.00032602096,0.036152907,,4.723495e-05,4371,0.01,0.0001,20,2,,,10
4372,model_type.poincare,activation.dmelu,,0.0003241055,0.035940498,,4.7226717e-05,4372,0.01,0.0001,20,2,,,10
4373,model_type.poincare,activation.dmelu,,0.00032610694,0.03616244,,4.7225072e-05,4373,0.01,0.0001,20,2,,,10
4374,model_type.poincare,activation.dmelu,,0.00032502113,0.036042035,,4.722161e-05,4374,0.01,0.0001,20,2,,,10
4375,model_type.poincare,activation.dmelu,,0.00032505314,0.036045585,,4.7161106e-05,4375,0.01,0.0001,20,2,,,10
4376,model_type.poincare,activation.dmelu,,0.00032628363,0.036182035,,4.714483e-05,4376,0.01,0.0001,20,2,,,10
4377,model_type.poincare,activation.dmelu,,0.00032433154,0.035965566,,4.7100853e-05,4377,0.01,0.0001,20,2,,,10
4378,model_type.poincare,activation.dmelu,,0.00032659512,0.036216576,,4.7112953e-05,4378,0.01,0.0001,20,2,,,10
4379,model_type.poincare,activation.dmelu,,0.00032484814,0.03602285,,4.70734e-05,4379,0.01,0.0001,20,2,,,10
4380,model_type.poincare,activation.dmelu,,0.0003258113,0.036129657,,4.705132e-05,4380,0.01,0.0001,20,2,,,10
4381,model_type.poincare,activation.dmelu,,0.00032589491,0.03613893,,4.6997033e-05,4381,0.01,0.0001,20,2,,,10
4382,model_type.poincare,activation.dmelu,,0.0003250114,0.036040958,,4.6971436e-05,4382,0.01,0.0001,20,2,,,10
4383,model_type.poincare,activation.dmelu,,0.00032653962,0.03621042,,4.6973615e-05,4383,0.01,0.0001,20,2,,,10
4384,model_type.poincare,activation.dmelu,,0.00032500035,0.03603973,,4.6958467e-05,4384,0.01,0.0001,20,2,,,10
4385,model_type.poincare,activation.dmelu,,0.00032633657,0.036187906,,4.6956633e-05,4385,0.01,0.0001,20,2,,,10
4386,model_type.poincare,activation.dmelu,,0.00032553275,0.036098767,,4.690353e-05,4386,0.01,0.0001,20,2,,,10
4387,model_type.poincare,activation.dmelu,,0.00032585146,0.036134113,,4.6894547e-05,4387,0.01,0.0001,20,2,,,10
4388,model_type.poincare,activation.dmelu,,0.00032609687,0.036161322,,4.686214e-05,4388,0.01,0.0001,20,2,,,10
4389,model_type.poincare,activation.dmelu,,0.00032561136,0.036107484,,4.686418e-05,4389,0.01,0.0001,20,2,,,10
4390,model_type.poincare,activation.dmelu,,0.0003262493,0.036178228,,4.6833018e-05,4390,0.01,0.0001,20,2,,,10
4391,model_type.poincare,activation.dmelu,,0.00032579075,0.036127377,,4.6812103e-05,4391,0.01,0.0001,20,2,,,10
4392,model_type.poincare,activation.dmelu,,0.00032600702,0.03615136,,4.677994e-05,4392,0.01,0.0001,20,2,,,10
4393,model_type.poincare,activation.dmelu,,0.0003261896,0.036171608,,4.6762987e-05,4393,0.01,0.0001,20,2,,,10
4394,model_type.poincare,activation.dmelu,,0.0003258281,0.03613152,,4.6749166e-05,4394,0.01,0.0001,20,2,,,10
4395,model_type.poincare,activation.dmelu,,0.00032633936,0.036188215,,4.6728856e-05,4395,0.01,0.0001,20,2,,,10
4396,model_type.poincare,activation.dmelu,,0.00032594908,0.036144935,,4.6717258e-05,4396,0.01,0.0001,20,2,,,10
4397,model_type.poincare,activation.dmelu,,0.00032614917,0.036167122,,4.66852e-05,4397,0.01,0.0001,20,2,,,10
4398,model_type.poincare,activation.dmelu,,0.0003263473,0.036189094,,4.6677138e-05,4398,0.01,0.0001,20,2,,,10
4399,model_type.poincare,activation.dmelu,,0.00032583514,0.0361323,,4.6643727e-05,4399,0.01,0.0001,20,2,,,10
4400,model_type.poincare,activation.dmelu,,0.00032665362,0.036223065,,4.6638226e-05,4400,0.01,0.0001,20,2,,,10
4401,model_type.poincare,activation.dmelu,,0.0003257398,0.036121726,,4.6608187e-05,4401,0.01,0.0001,20,2,,,10
4402,model_type.poincare,activation.dmelu,,0.00032666617,0.036224455,,4.6598638e-05,4402,0.01,0.0001,20,2,,,10
4403,model_type.poincare,activation.dmelu,,0.00032596564,0.03614677,,4.6568737e-05,4403,0.01,0.0001,20,2,,,10
4404,model_type.poincare,activation.dmelu,,0.00032640566,0.036195565,,4.6554786e-05,4404,0.01,0.0001,20,2,,,10
4405,model_type.poincare,activation.dmelu,,0.0003262784,0.036181454,,4.6524616e-05,4405,0.01,0.0001,20,2,,,10
4406,model_type.poincare,activation.dmelu,,0.00032623843,0.03617702,,4.6514793e-05,4406,0.01,0.0001,20,2,,,10
4407,model_type.poincare,activation.dmelu,,0.00032642603,0.036197826,,4.6486162e-05,4407,0.01,0.0001,20,2,,,10
4408,model_type.poincare,activation.dmelu,,0.000326266,0.03618008,,4.647649e-05,4408,0.01,0.0001,20,2,,,10
4409,model_type.poincare,activation.dmelu,,0.00032636445,0.036190998,,4.6445668e-05,4409,0.01,0.0001,20,2,,,10
4410,model_type.poincare,activation.dmelu,,0.00032645802,0.036201373,,4.6433368e-05,4410,0.01,0.0001,20,2,,,10
4411,model_type.poincare,activation.dmelu,,0.00032623459,0.036176596,,4.640571e-05,4411,0.01,0.0001,20,2,,,10
4412,model_type.poincare,activation.dmelu,,0.0003266409,0.036221653,,4.639272e-05,4412,0.01,0.0001,20,2,,,10
4413,model_type.poincare,activation.dmelu,,0.00032617137,0.036169585,,4.6367746e-05,4413,0.01,0.0001,20,2,,,10
4414,model_type.poincare,activation.dmelu,,0.00032671832,0.036230236,,4.6354387e-05,4414,0.01,0.0001,20,2,,,10
4415,model_type.poincare,activation.dmelu,,0.00032622885,0.03617596,,4.632871e-05,4415,0.01,0.0001,20,2,,,10
4416,model_type.poincare,activation.dmelu,,0.00032670138,0.03622836,,4.6316847e-05,4416,0.01,0.0001,20,2,,,10
4417,model_type.poincare,activation.dmelu,,0.00032633246,0.036187448,,4.628934e-05,4417,0.01,0.0001,20,2,,,10
4418,model_type.poincare,activation.dmelu,,0.00032667472,0.036225405,,4.6280744e-05,4418,0.01,0.0001,20,2,,,10
4419,model_type.poincare,activation.dmelu,,0.00032640388,0.036195368,,4.6251687e-05,4419,0.01,0.0001,20,2,,,10
4420,model_type.poincare,activation.dmelu,,0.00032671803,0.036230206,,4.6247107e-05,4420,0.01,0.0001,20,2,,,10
4421,model_type.poincare,activation.dmelu,,0.00032638287,0.03619304,,4.6215955e-05,4421,0.01,0.0001,20,2,,,10
4422,model_type.poincare,activation.dmelu,,0.00032687213,0.036247294,,4.6218545e-05,4422,0.01,0.0001,20,2,,,10
4423,model_type.poincare,activation.dmelu,,0.0003262425,0.036177475,,4.618403e-05,4423,0.01,0.0001,20,2,,,10
4424,model_type.poincare,activation.dmelu,,0.00032715115,0.036278237,,4.619751e-05,4424,0.01,0.0001,20,2,,,10
4425,model_type.poincare,activation.dmelu,,0.00032600577,0.036151223,,4.6162328e-05,4425,0.01,0.0001,20,2,,,10
4426,model_type.poincare,activation.dmelu,,0.00032757033,0.036324717,,4.6200006e-05,4426,0.01,0.0001,20,2,,,10
4427,model_type.poincare,activation.dmelu,,0.00032567038,0.03611403,,4.6169513e-05,4427,0.01,0.0001,20,2,,,10
4428,model_type.poincare,activation.dmelu,,0.0003282294,0.036397804,,4.6259323e-05,4428,0.01,0.0001,20,2,,,10
4429,model_type.poincare,activation.dmelu,,0.00032522422,0.036064554,,4.625584e-05,4429,0.01,0.0001,20,2,,,10
4430,model_type.poincare,activation.dmelu,,0.00032938735,0.03652621,,4.6467027e-05,4430,0.01,0.0001,20,2,,,10
4431,model_type.poincare,activation.dmelu,,0.00032467846,0.036004037,,4.657072e-05,4431,0.01,0.0001,20,2,,,10
4432,model_type.poincare,activation.dmelu,,0.00033171708,0.036784556,,4.7096215e-05,4432,0.01,0.0001,20,2,,,10
4433,model_type.poincare,activation.dmelu,,0.00032430468,0.035962585,,4.7570848e-05,4433,0.01,0.0001,20,2,,,10
4434,model_type.poincare,activation.dmelu,,0.0003369455,0.03736434,,4.8980943e-05,4434,0.01,0.0001,20,2,,,10
4435,model_type.poincare,activation.dmelu,,0.0003255134,0.03609662,,5.0700834e-05,4435,0.01,0.0001,20,2,,,10
4436,model_type.poincare,activation.dmelu,,0.00034990997,0.03880199,,5.4781576e-05,4436,0.01,0.0001,20,2,,,10
4437,model_type.poincare,activation.dmelu,,0.00033397975,0.03703547,,6.0674418e-05,4437,0.01,0.0001,20,2,,,10
4438,model_type.poincare,activation.dmelu,,0.0003850669,0.042700592,,7.322385e-05,4438,0.01,0.0001,20,2,,,10
4439,model_type.poincare,activation.dmelu,,0.00037015864,0.041047394,,9.2970535e-05,4439,0.01,0.0001,20,2,,,10
4440,model_type.poincare,activation.dmelu,,0.00048451097,0.053728078,,0.00013266866,4440,0.01,0.0001,20,2,,,10
4441,model_type.poincare,activation.dmelu,,0.0004957675,0.054976333,,0.0001955248,4441,0.01,0.0001,20,2,,,10
4442,model_type.poincare,activation.dmelu,,0.0007399516,0.08205424,,0.0003140309,4442,0.01,0.0001,20,2,,,10
4443,model_type.poincare,activation.dmelu,,0.0007994975,0.08865736,,0.0004767055,4443,0.01,0.0001,20,2,,,10
4444,model_type.poincare,activation.dmelu,,0.0011143278,0.123569325,,0.00072872854,4444,0.01,0.0001,20,2,,,10
4445,model_type.poincare,activation.dmelu,,0.00095759425,0.10618892,,0.0008961071,4445,0.01,0.0001,20,2,,,10
4446,model_type.poincare,activation.dmelu,,0.0008813318,0.09773208,,0.00095173006,4446,0.01,0.0001,20,2,,,10
4447,model_type.poincare,activation.dmelu,,0.0004041861,0.044820745,,0.0006085595,4447,0.01,0.0001,20,2,,,10
4448,model_type.poincare,activation.dmelu,,0.00034771912,0.038559046,,0.00020575928,4448,0.01,0.0001,20,2,,,10
4449,model_type.poincare,activation.dmelu,,0.00055407174,0.061441768,,6.0777584e-05,4449,0.01,0.0001,20,2,,,10
4450,model_type.poincare,activation.dmelu,,0.00057327916,0.06357171,,0.00025176865,4450,0.01,0.0001,20,2,,,10
4451,model_type.poincare,activation.dmelu,,0.00059024274,0.06545282,,0.00043001375,4451,0.01,0.0001,20,2,,,10
4452,model_type.poincare,activation.dmelu,,0.000338197,0.037503123,,0.0002740785,4452,0.01,0.0001,20,2,,,10
4453,model_type.poincare,activation.dmelu,,0.00037556744,0.041647185,,7.16961e-05,4453,0.01,0.0001,20,2,,,10
4454,model_type.poincare,activation.dmelu,,0.00057032116,0.06324369,,0.00012288528,4454,0.01,0.0001,20,2,,,10
4455,model_type.poincare,activation.dmelu,,0.00042138822,0.046728313,,0.00025555177,4455,0.01,0.0001,20,2,,,10
4456,model_type.poincare,activation.dmelu,,0.0003713391,0.041178297,,0.00019889604,4456,0.01,0.0001,20,2,,,10
4457,model_type.poincare,activation.dmelu,,0.00042574148,0.04721105,,6.341012e-05,4457,0.01,0.0001,20,2,,,10
4458,model_type.poincare,activation.dmelu,,0.0004231444,0.046923056,,0.00011026427,4458,0.01,0.0001,20,2,,,10
4459,model_type.poincare,activation.dmelu,,0.0004363186,0.048383962,,0.0001954325,4459,0.01,0.0001,20,2,,,10
4460,model_type.poincare,activation.dmelu,,0.00036037553,0.03996253,,0.00011862043,4460,0.01,0.0001,20,2,,,10
4461,model_type.poincare,activation.dmelu,,0.00037550187,0.041639913,,5.766355e-05,4461,0.01,0.0001,20,2,,,10
4462,model_type.poincare,activation.dmelu,,0.00045638738,0.050609417,,0.000118952565,4462,0.01,0.0001,20,2,,,10
4463,model_type.poincare,activation.dmelu,,0.0003546154,0.03932378,,0.00013480167,4463,0.01,0.0001,20,2,,,10
4464,model_type.poincare,activation.dmelu,,0.0003496647,0.038774796,,7.123608e-05,4464,0.01,0.0001,20,2,,,10
4465,model_type.poincare,activation.dmelu,,0.00043379067,0.048103638,,6.8706286e-05,4465,0.01,0.0001,20,2,,,10
4466,model_type.poincare,activation.dmelu,,0.0003599417,0.039914425,,0.00011124405,4466,0.01,0.0001,20,2,,,10
4467,model_type.poincare,activation.dmelu,,0.00035316285,0.039162707,,9.05225e-05,4467,0.01,0.0001,20,2,,,10
4468,model_type.poincare,activation.dmelu,,0.00039671283,0.043992024,,5.5396118e-05,4468,0.01,0.0001,20,2,,,10
4469,model_type.poincare,activation.dmelu,,0.0003575641,0.039650768,,8.052785e-05,4469,0.01,0.0001,20,2,,,10
4470,model_type.poincare,activation.dmelu,,0.0003692597,0.04094771,,9.3586146e-05,4470,0.01,0.0001,20,2,,,10
4471,model_type.poincare,activation.dmelu,,0.00036503302,0.040479008,,6.0844322e-05,4471,0.01,0.0001,20,2,,,10
4472,model_type.poincare,activation.dmelu,,0.00034876927,0.0386755,,5.9949514e-05,4472,0.01,0.0001,20,2,,,10
4473,model_type.poincare,activation.dmelu,,0.0003787809,0.04200353,,8.2135855e-05,4473,0.01,0.0001,20,2,,,10
4474,model_type.poincare,activation.dmelu,,0.00034616014,0.03838617,,6.848554e-05,4474,0.01,0.0001,20,2,,,10
4475,model_type.poincare,activation.dmelu,,0.00034255462,0.037986346,,5.314501e-05,4475,0.01,0.0001,20,2,,,10
4476,model_type.poincare,activation.dmelu,,0.00037533257,0.041621137,,6.685466e-05,4476,0.01,0.0001,20,2,,,10
4477,model_type.poincare,activation.dmelu,,0.0003372212,0.037394915,,6.961647e-05,4477,0.01,0.0001,20,2,,,10
4478,model_type.poincare,activation.dmelu,,0.00033992296,0.037694518,,5.4870812e-05,4478,0.01,0.0001,20,2,,,10
4479,model_type.poincare,activation.dmelu,,0.00036498543,0.04047373,,5.5772067e-05,4479,0.01,0.0001,20,2,,,10
4480,model_type.poincare,activation.dmelu,,0.0003347155,0.037117057,,6.4757995e-05,4480,0.01,0.0001,20,2,,,10
4481,model_type.poincare,activation.dmelu,,0.00033851166,0.037538018,,5.8569552e-05,4481,0.01,0.0001,20,2,,,10
4482,model_type.poincare,activation.dmelu,,0.0003525313,0.039092675,,5.1029187e-05,4482,0.01,0.0001,20,2,,,10
4483,model_type.poincare,activation.dmelu,,0.00033371002,0.03700556,,5.7396126e-05,4483,0.01,0.0001,20,2,,,10
4484,model_type.poincare,activation.dmelu,,0.00034016283,0.03772112,,5.961911e-05,4484,0.01,0.0001,20,2,,,10
4485,model_type.poincare,activation.dmelu,,0.00034108,0.037822824,,5.160614e-05,4485,0.01,0.0001,20,2,,,10
4486,model_type.poincare,activation.dmelu,,0.00033014853,0.03661062,,5.1572348e-05,4486,0.01,0.0001,20,2,,,10
4487,model_type.poincare,activation.dmelu,,0.00034327662,0.03806641,,5.671878e-05,4487,0.01,0.0001,20,2,,,10
4488,model_type.poincare,activation.dmelu,,0.00033306648,0.036934193,,5.345494e-05,4488,0.01,0.0001,20,2,,,10
4489,model_type.poincare,activation.dmelu,,0.00032690866,0.036251344,,4.9610935e-05,4489,0.01,0.0001,20,2,,,10
4490,model_type.poincare,activation.dmelu,,0.00034311184,0.038048137,,5.2374904e-05,4490,0.01,0.0001,20,2,,,10
4491,model_type.poincare,activation.dmelu,,0.0003277586,0.036345597,,5.350892e-05,4491,0.01,0.0001,20,2,,,10
4492,model_type.poincare,activation.dmelu,,0.00032748375,0.036315117,,5.0356033e-05,4492,0.01,0.0001,20,2,,,10
4493,model_type.poincare,activation.dmelu,,0.00033813433,0.037496176,,4.9354963e-05,4493,0.01,0.0001,20,2,,,10
4494,model_type.poincare,activation.dmelu,,0.00032445547,0.03597931,,5.1553012e-05,4494,0.01,0.0001,20,2,,,10
4495,model_type.poincare,activation.dmelu,,0.00033028398,0.03662564,,5.127755e-05,4495,0.01,0.0001,20,2,,,10
4496,model_type.poincare,activation.dmelu,,0.00033116053,0.03672284,,4.872341e-05,4496,0.01,0.0001,20,2,,,10
4497,model_type.poincare,activation.dmelu,,0.00032325462,0.035846144,,4.923171e-05,4497,0.01,0.0001,20,2,,,10
4498,model_type.poincare,activation.dmelu,,0.00033144857,0.03675478,,5.0705738e-05,4498,0.01,0.0001,20,2,,,10
4499,model_type.poincare,activation.dmelu,,0.00032575036,0.0361229,,4.9298913e-05,4499,0.01,0.0001,20,2,,,10
4500,model_type.poincare,activation.dmelu,,0.00032329324,0.035850424,,4.8183043e-05,4500,0.01,0.0001,20,2,,,10
4501,model_type.poincare,activation.dmelu,,0.00033007452,0.03660241,,4.912044e-05,4501,0.01,0.0001,20,2,,,10
4502,model_type.poincare,activation.dmelu,,0.00032302222,0.035820372,,4.9406008e-05,4502,0.01,0.0001,20,2,,,10
4503,model_type.poincare,activation.dmelu,,0.00032360756,0.03588528,,4.8439346e-05,4503,0.01,0.0001,20,2,,,10
4504,model_type.poincare,activation.dmelu,,0.00032760573,0.036328644,,4.791331e-05,4504,0.01,0.0001,20,2,,,10
4505,model_type.poincare,activation.dmelu,,0.0003216451,0.03566766,,4.8550315e-05,4505,0.01,0.0001,20,2,,,10
4506,model_type.poincare,activation.dmelu,,0.00032453216,0.035987813,,4.8743863e-05,4506,0.01,0.0001,20,2,,,10
4507,model_type.poincare,activation.dmelu,,0.0003250526,0.03604552,,4.7811278e-05,4507,0.01,0.0001,20,2,,,10
4508,model_type.poincare,activation.dmelu,,0.0003208131,0.0355754,,4.7686957e-05,4508,0.01,0.0001,20,2,,,10
4509,model_type.poincare,activation.dmelu,,0.00032572672,0.036120277,,4.824334e-05,4509,0.01,0.0001,20,2,,,10
4510,model_type.poincare,activation.dmelu,,0.00032261194,0.035774875,,4.8015914e-05,4510,0.01,0.0001,20,2,,,10
4511,model_type.poincare,activation.dmelu,,0.00032145376,0.035646442,,4.7562717e-05,4511,0.01,0.0001,20,2,,,10
4512,model_type.poincare,activation.dmelu,,0.00032571045,0.036118474,,4.7549842e-05,4512,0.01,0.0001,20,2,,,10
4513,model_type.poincare,activation.dmelu,,0.00032106013,0.035602793,,4.776922e-05,4513,0.01,0.0001,20,2,,,10
4514,model_type.poincare,activation.dmelu,,0.000323316,0.03585295,,4.773489e-05,4514,0.01,0.0001,20,2,,,10
4515,model_type.poincare,activation.dmelu,,0.0003241202,0.035942126,,4.733448e-05,4515,0.01,0.0001,20,2,,,10
4516,model_type.poincare,activation.dmelu,,0.00032122558,0.03562114,,4.733739e-05,4516,0.01,0.0001,20,2,,,10
4517,model_type.poincare,activation.dmelu,,0.00032457674,0.035992756,,4.7577578e-05,4517,0.01,0.0001,20,2,,,10
4518,model_type.poincare,activation.dmelu,,0.00032257312,0.035770573,,4.7392343e-05,4518,0.01,0.0001,20,2,,,10
4519,model_type.poincare,activation.dmelu,,0.00032240327,0.035751738,,4.722173e-05,4519,0.01,0.0001,20,2,,,10
4520,model_type.poincare,activation.dmelu,,0.00032451944,0.0359864,,4.7236914e-05,4520,0.01,0.0001,20,2,,,10
4521,model_type.poincare,activation.dmelu,,0.00032219736,0.0357289,,4.728386e-05,4521,0.01,0.0001,20,2,,,10
4522,model_type.poincare,activation.dmelu,,0.00032340756,0.0358631,,4.7278354e-05,4522,0.01,0.0001,20,2,,,10
4523,model_type.poincare,activation.dmelu,,0.00032393672,0.035921782,,4.708616e-05,4523,0.01,0.0001,20,2,,,10
4524,model_type.poincare,activation.dmelu,,0.00032245033,0.035756953,,4.70764e-05,4524,0.01,0.0001,20,2,,,10
4525,model_type.poincare,activation.dmelu,,0.0003241202,0.035942126,,4.7183326e-05,4525,0.01,0.0001,20,2,,,10
4526,model_type.poincare,activation.dmelu,,0.0003233432,0.035855968,,4.7081896e-05,4526,0.01,0.0001,20,2,,,10
4527,model_type.poincare,activation.dmelu,,0.00032291844,0.035808865,,4.7015346e-05,4527,0.01,0.0001,20,2,,,10
4528,model_type.poincare,activation.dmelu,,0.0003244728,0.03598123,,4.6990193e-05,4528,0.01,0.0001,20,2,,,10
4529,model_type.poincare,activation.dmelu,,0.00032285877,0.03580225,,4.6995232e-05,4529,0.01,0.0001,20,2,,,10
4530,model_type.poincare,activation.dmelu,,0.00032379624,0.035906203,,4.7019847e-05,4530,0.01,0.0001,20,2,,,10
4531,model_type.poincare,activation.dmelu,,0.0003240345,0.035932627,,4.6906716e-05,4531,0.01,0.0001,20,2,,,10
4532,model_type.poincare,activation.dmelu,,0.0003230104,0.03581906,,4.6883793e-05,4532,0.01,0.0001,20,2,,,10
4533,model_type.poincare,activation.dmelu,,0.00032444662,0.035978325,,4.6922312e-05,4533,0.01,0.0001,20,2,,,10
4534,model_type.poincare,activation.dmelu,,0.0003233684,0.03585876,,4.6876306e-05,4534,0.01,0.0001,20,2,,,10
4535,model_type.poincare,activation.dmelu,,0.00032376486,0.035902724,,4.6857585e-05,4535,0.01,0.0001,20,2,,,10
4536,model_type.poincare,activation.dmelu,,0.00032425957,0.035957582,,4.68052e-05,4536,0.01,0.0001,20,2,,,10
4537,model_type.poincare,activation.dmelu,,0.00032338875,0.03586102,,4.679543e-05,4537,0.01,0.0001,20,2,,,10
4538,model_type.poincare,activation.dmelu,,0.00032426522,0.03595821,,4.6821562e-05,4538,0.01,0.0001,20,2,,,10
4539,model_type.poincare,activation.dmelu,,0.00032388407,0.035915945,,4.6756224e-05,4539,0.01,0.0001,20,2,,,10
4540,model_type.poincare,activation.dmelu,,0.00032381597,0.035908394,,4.6736517e-05,4540,0.01,0.0001,20,2,,,10
4541,model_type.poincare,activation.dmelu,,0.00032431362,0.035963576,,4.6726127e-05,4541,0.01,0.0001,20,2,,,10
4542,model_type.poincare,activation.dmelu,,0.00032381553,0.035908345,,4.670307e-05,4542,0.01,0.0001,20,2,,,10
4543,model_type.poincare,activation.dmelu,,0.00032414997,0.03594543,,4.6709003e-05,4543,0.01,0.0001,20,2,,,10
4544,model_type.poincare,activation.dmelu,,0.0003242476,0.035956256,,4.6654342e-05,4544,0.01,0.0001,20,2,,,10
4545,model_type.poincare,activation.dmelu,,0.0003238781,0.03591528,,4.6638517e-05,4545,0.01,0.0001,20,2,,,10
4546,model_type.poincare,activation.dmelu,,0.00032441196,0.035974484,,4.6639067e-05,4546,0.01,0.0001,20,2,,,10
4547,model_type.poincare,activation.dmelu,,0.00032405855,0.035935294,,4.660622e-05,4547,0.01,0.0001,20,2,,,10
4548,model_type.poincare,activation.dmelu,,0.0003241789,0.035948638,,4.6600017e-05,4548,0.01,0.0001,20,2,,,10
4549,model_type.poincare,activation.dmelu,,0.00032439086,0.03597214,,4.6561974e-05,4549,0.01,0.0001,20,2,,,10
4550,model_type.poincare,activation.dmelu,,0.00032399764,0.035928536,,4.654511e-05,4550,0.01,0.0001,20,2,,,10
4551,model_type.poincare,activation.dmelu,,0.0003244892,0.03598305,,4.6544705e-05,4551,0.01,0.0001,20,2,,,10
4552,model_type.poincare,activation.dmelu,,0.0003241545,0.035945933,,4.650779e-05,4552,0.01,0.0001,20,2,,,10
4553,model_type.poincare,activation.dmelu,,0.0003242878,0.035960715,,4.649641e-05,4553,0.01,0.0001,20,2,,,10
4554,model_type.poincare,activation.dmelu,,0.00032438617,0.035971623,,4.647067e-05,4554,0.01,0.0001,20,2,,,10
4555,model_type.poincare,activation.dmelu,,0.00032419676,0.03595062,,4.6450896e-05,4555,0.01,0.0001,20,2,,,10
4556,model_type.poincare,activation.dmelu,,0.00032444514,0.03597816,,4.6445406e-05,4556,0.01,0.0001,20,2,,,10
4557,model_type.poincare,activation.dmelu,,0.00032427046,0.03595879,,4.6410758e-05,4557,0.01,0.0001,20,2,,,10
4558,model_type.poincare,activation.dmelu,,0.00032434284,0.035966817,,4.639775e-05,4558,0.01,0.0001,20,2,,,10
4559,model_type.poincare,activation.dmelu,,0.0003244222,0.035975616,,4.637754e-05,4559,0.01,0.0001,20,2,,,10
4560,model_type.poincare,activation.dmelu,,0.00032430308,0.03596241,,4.635515e-05,4560,0.01,0.0001,20,2,,,10
4561,model_type.poincare,activation.dmelu,,0.0003244404,0.035977636,,4.634641e-05,4561,0.01,0.0001,20,2,,,10
4562,model_type.poincare,activation.dmelu,,0.00032438055,0.035971,,4.631649e-05,4562,0.01,0.0001,20,2,,,10
4563,model_type.poincare,activation.dmelu,,0.00032436842,0.035969652,,4.630139e-05,4563,0.01,0.0001,20,2,,,10
4564,model_type.poincare,activation.dmelu,,0.00032451522,0.03598593,,4.6283607e-05,4564,0.01,0.0001,20,2,,,10
4565,model_type.poincare,activation.dmelu,,0.0003243229,0.03596461,,4.626047e-05,4565,0.01,0.0001,20,2,,,10
4566,model_type.poincare,activation.dmelu,,0.00032454001,0.03598868,,4.6248195e-05,4566,0.01,0.0001,20,2,,,10
4567,model_type.poincare,activation.dmelu,,0.0003244068,0.03597391,,4.622174e-05,4567,0.01,0.0001,20,2,,,10
4568,model_type.poincare,activation.dmelu,,0.0003244847,0.03598255,,4.6206434e-05,4568,0.01,0.0001,20,2,,,10
4569,model_type.poincare,activation.dmelu,,0.0003245211,0.035986584,,4.6188765e-05,4569,0.01,0.0001,20,2,,,10
4570,model_type.poincare,activation.dmelu,,0.00032443274,0.035976786,,4.6165744e-05,4570,0.01,0.0001,20,2,,,10
4571,model_type.poincare,activation.dmelu,,0.00032458198,0.035993338,,4.615333e-05,4571,0.01,0.0001,20,2,,,10
4572,model_type.poincare,activation.dmelu,,0.00032448297,0.035982355,,4.6129186e-05,4572,0.01,0.0001,20,2,,,10
4573,model_type.poincare,activation.dmelu,,0.00032454226,0.03598893,,4.6113553e-05,4573,0.01,0.0001,20,2,,,10
4574,model_type.poincare,activation.dmelu,,0.00032457392,0.035992444,,4.6094825e-05,4574,0.01,0.0001,20,2,,,10
4575,model_type.poincare,activation.dmelu,,0.0003245124,0.03598562,,4.6073925e-05,4575,0.01,0.0001,20,2,,,10
4576,model_type.poincare,activation.dmelu,,0.0003246222,0.035997797,,4.6060133e-05,4576,0.01,0.0001,20,2,,,10
4577,model_type.poincare,activation.dmelu,,0.00032455358,0.035990186,,4.6038138e-05,4577,0.01,0.0001,20,2,,,10
4578,model_type.poincare,activation.dmelu,,0.00032457995,0.03599311,,4.6022247e-05,4578,0.01,0.0001,20,2,,,10
4579,model_type.poincare,activation.dmelu,,0.00032465017,0.0360009,,4.6002977e-05,4579,0.01,0.0001,20,2,,,10
4580,model_type.poincare,activation.dmelu,,0.00032454284,0.035988994,,4.5983692e-05,4580,0.01,0.0001,20,2,,,10
4581,model_type.poincare,activation.dmelu,,0.0003246975,0.036006145,,4.5969235e-05,4581,0.01,0.0001,20,2,,,10
4582,model_type.poincare,activation.dmelu,,0.00032456373,0.03599131,,4.5948535e-05,4582,0.01,0.0001,20,2,,,10
4583,model_type.poincare,activation.dmelu,,0.00032468414,0.036004666,,4.593318e-05,4583,0.01,0.0001,20,2,,,10
4584,model_type.poincare,activation.dmelu,,0.00032463492,0.03599921,,4.591344e-05,4584,0.01,0.0001,20,2,,,10
4585,model_type.poincare,activation.dmelu,,0.00032465745,0.036001705,,4.5896737e-05,4585,0.01,0.0001,20,2,,,10
4586,model_type.poincare,activation.dmelu,,0.0003246753,0.036003683,,4.5880905e-05,4586,0.01,0.0001,20,2,,,10
4587,model_type.poincare,activation.dmelu,,0.0003246876,0.03600505,,4.5861532e-05,4587,0.01,0.0001,20,2,,,10
4588,model_type.poincare,activation.dmelu,,0.00032465585,0.036001526,,4.5846395e-05,4588,0.01,0.0001,20,2,,,10
4589,model_type.poincare,activation.dmelu,,0.00032475972,0.036013044,,4.582778e-05,4589,0.01,0.0001,20,2,,,10
4590,model_type.poincare,activation.dmelu,,0.00032461886,0.035997424,,4.5810957e-05,4590,0.01,0.0001,20,2,,,10
4591,model_type.poincare,activation.dmelu,,0.0003248238,0.036020152,,4.5794797e-05,4591,0.01,0.0001,20,2,,,10
4592,model_type.poincare,activation.dmelu,,0.00032460634,0.03599604,,4.5777382e-05,4592,0.01,0.0001,20,2,,,10
4593,model_type.poincare,activation.dmelu,,0.00032485876,0.03602403,,4.576181e-05,4593,0.01,0.0001,20,2,,,10
4594,model_type.poincare,activation.dmelu,,0.00032461088,0.03599654,,4.5744604e-05,4594,0.01,0.0001,20,2,,,10
4595,model_type.poincare,activation.dmelu,,0.0003249012,0.036028735,,4.5728906e-05,4595,0.01,0.0001,20,2,,,10
4596,model_type.poincare,activation.dmelu,,0.00032458542,0.035993718,,4.5712783e-05,4596,0.01,0.0001,20,2,,,10
4597,model_type.poincare,activation.dmelu,,0.000324988,0.03603836,,4.5696757e-05,4597,0.01,0.0001,20,2,,,10
4598,model_type.poincare,activation.dmelu,,0.00032449848,0.035984077,,4.5683148e-05,4598,0.01,0.0001,20,2,,,10
4599,model_type.poincare,activation.dmelu,,0.00032515798,0.036057208,,4.5667042e-05,4599,0.01,0.0001,20,2,,,10
4600,model_type.poincare,activation.dmelu,,0.00032432604,0.035964955,,4.5653967e-05,4600,0.01,0.0001,20,2,,,10
4601,model_type.poincare,activation.dmelu,,0.00032542253,0.036086544,,4.5641096e-05,4601,0.01,0.0001,20,2,,,10
4602,model_type.poincare,activation.dmelu,,0.00032405692,0.03593511,,4.5631008e-05,4602,0.01,0.0001,20,2,,,10
4603,model_type.poincare,activation.dmelu,,0.00032583773,0.03613259,,4.562524e-05,4603,0.01,0.0001,20,2,,,10
4604,model_type.poincare,activation.dmelu,,0.00032360692,0.03588521,,4.562405e-05,4604,0.01,0.0001,20,2,,,10
4605,model_type.poincare,activation.dmelu,,0.0003265638,0.036213104,,4.5635057e-05,4605,0.01,0.0001,20,2,,,10
4606,model_type.poincare,activation.dmelu,,0.00032284897,0.03580116,,4.5662775e-05,4606,0.01,0.0001,20,2,,,10
4607,model_type.poincare,activation.dmelu,,0.00032790727,0.03636208,,4.5726054e-05,4607,0.01,0.0001,20,2,,,10
4608,model_type.poincare,activation.dmelu,,0.00032158828,0.03566136,,4.58436e-05,4608,0.01,0.0001,20,2,,,10
4609,model_type.poincare,activation.dmelu,,0.00033055226,0.03665539,,4.6066605e-05,4609,0.01,0.0001,20,2,,,10
4610,model_type.poincare,activation.dmelu,,0.00031965596,0.035447083,,4.647464e-05,4610,0.01,0.0001,20,2,,,10
4611,model_type.poincare,activation.dmelu,,0.00033615035,0.037276167,,4.7228285e-05,4611,0.01,0.0001,20,2,,,10
4612,model_type.poincare,activation.dmelu,,0.00031740105,0.035197034,,4.860591e-05,4612,0.01,0.0001,20,2,,,10
4613,model_type.poincare,activation.dmelu,,0.00034907486,0.038709383,,5.115291e-05,4613,0.01,0.0001,20,2,,,10
4614,model_type.poincare,activation.dmelu,,0.0003178646,0.035248436,,5.585329e-05,4614,0.01,0.0001,20,2,,,10
4615,model_type.poincare,activation.dmelu,,0.00038183038,0.04234169,,6.456061e-05,4615,0.01,0.0001,20,2,,,10
4616,model_type.poincare,activation.dmelu,,0.0003343656,0.037078258,,8.061314e-05,4616,0.01,0.0001,20,2,,,10
4617,model_type.poincare,activation.dmelu,,0.00046805697,0.05190347,,0.00010967505,4617,0.01,0.0001,20,2,,,10
4618,model_type.poincare,activation.dmelu,,0.0004058997,0.045010768,,0.00016070259,4618,0.01,0.0001,20,2,,,10
4619,model_type.poincare,activation.dmelu,,0.0006574771,0.07290853,,0.00024315457,4619,0.01,0.0001,20,2,,,10
4620,model_type.poincare,activation.dmelu,,0.00054908043,0.060888276,,0.00035975937,4620,0.01,0.0001,20,2,,,10
4621,model_type.poincare,activation.dmelu,,0.0008142104,0.09028889,,0.0004808651,4621,0.01,0.0001,20,2,,,10
4622,model_type.poincare,activation.dmelu,,0.00052673765,0.058410652,,0.0005342523,4622,0.01,0.0001,20,2,,,10
4623,model_type.poincare,activation.dmelu,,0.0005714888,0.06337317,,0.0004533463,4623,0.01,0.0001,20,2,,,10
4624,model_type.poincare,activation.dmelu,,0.00036734252,0.04073511,,0.00026585543,4624,0.01,0.0001,20,2,,,10
4625,model_type.poincare,activation.dmelu,,0.0003691458,0.040935077,,0.00012422033,4625,0.01,0.0001,20,2,,,10
4626,model_type.poincare,activation.dmelu,,0.00048259943,0.053516105,,0.00010639264,4626,0.01,0.0001,20,2,,,10
4627,model_type.poincare,activation.dmelu,,0.00038922305,0.04316147,,0.0001683407,4627,0.01,0.0001,20,2,,,10
4628,model_type.poincare,activation.dmelu,,0.00048055503,0.0532894,,0.00020000635,4628,0.01,0.0001,20,2,,,10
4629,model_type.poincare,activation.dmelu,,0.0003790196,0.042029995,,0.00016878927,4629,0.01,0.0001,20,2,,,10
4630,model_type.poincare,activation.dmelu,,0.00038177118,0.042335123,,0.00012639455,4630,0.01,0.0001,20,2,,,10
4631,model_type.poincare,activation.dmelu,,0.0004174164,0.04628787,,0.00010706573,4631,0.01,0.0001,20,2,,,10
4632,model_type.poincare,activation.dmelu,,0.0003572425,0.039615106,,0.00011360749,4632,0.01,0.0001,20,2,,,10
4633,model_type.poincare,activation.dmelu,,0.0004067929,0.04510982,,0.000116518604,4633,0.01,0.0001,20,2,,,10
4634,model_type.poincare,activation.dmelu,,0.00036599443,0.04058562,,0.00010761252,4634,0.01,0.0001,20,2,,,10
4635,model_type.poincare,activation.dmelu,,0.00036092082,0.040023,,9.502108e-05,4635,0.01,0.0001,20,2,,,10
4636,model_type.poincare,activation.dmelu,,0.0003813244,0.04228558,,8.665398e-05,4636,0.01,0.0001,20,2,,,10
4637,model_type.poincare,activation.dmelu,,0.00035357985,0.03920895,,9.086339e-05,4637,0.01,0.0001,20,2,,,10
4638,model_type.poincare,activation.dmelu,,0.00036666813,0.040660325,,9.140457e-05,4638,0.01,0.0001,20,2,,,10
4639,model_type.poincare,activation.dmelu,,0.00034585546,0.03835238,,7.9798934e-05,4639,0.01,0.0001,20,2,,,10
4640,model_type.poincare,activation.dmelu,,0.00034742276,0.03852618,,6.859142e-05,4640,0.01,0.0001,20,2,,,10
4641,model_type.poincare,activation.dmelu,,0.00036451375,0.040421423,,7.2276955e-05,4641,0.01,0.0001,20,2,,,10
4642,model_type.poincare,activation.dmelu,,0.00034808065,0.038599137,,8.316807e-05,4642,0.01,0.0001,20,2,,,10
4643,model_type.poincare,activation.dmelu,,0.00034119573,0.037835658,,7.588246e-05,4643,0.01,0.0001,20,2,,,10
4644,model_type.poincare,activation.dmelu,,0.00033486326,0.03713344,,5.8129328e-05,4644,0.01,0.0001,20,2,,,10
4645,model_type.poincare,activation.dmelu,,0.0003456158,0.038325805,,5.631678e-05,4645,0.01,0.0001,20,2,,,10
4646,model_type.poincare,activation.dmelu,,0.00035399778,0.039255295,,6.98525e-05,4646,0.01,0.0001,20,2,,,10
4647,model_type.poincare,activation.dmelu,,0.0003359427,0.03725314,,7.356897e-05,4647,0.01,0.0001,20,2,,,10
4648,model_type.poincare,activation.dmelu,,0.00033010377,0.036605656,,5.857099e-05,4648,0.01,0.0001,20,2,,,10
4649,model_type.poincare,activation.dmelu,,0.0003382851,0.037512895,,4.95567e-05,4649,0.01,0.0001,20,2,,,10
4650,model_type.poincare,activation.dmelu,,0.00034096587,0.03781017,,5.7292924e-05,4650,0.01,0.0001,20,2,,,10
4651,model_type.poincare,activation.dmelu,,0.00034053958,0.037762895,,6.453404e-05,4651,0.01,0.0001,20,2,,,10
4652,model_type.poincare,activation.dmelu,,0.0003310219,0.03670747,,5.9408532e-05,4652,0.01,0.0001,20,2,,,10
4653,model_type.poincare,activation.dmelu,,0.00033026584,0.036623627,,5.0811377e-05,4653,0.01,0.0001,20,2,,,10
4654,model_type.poincare,activation.dmelu,,0.0003390032,0.037592523,,5.1701543e-05,4654,0.01,0.0001,20,2,,,10
4655,model_type.poincare,activation.dmelu,,0.00033073133,0.036675245,,5.6136472e-05,4655,0.01,0.0001,20,2,,,10
4656,model_type.poincare,activation.dmelu,,0.00033362495,0.036996122,,5.519151e-05,4656,0.01,0.0001,20,2,,,10
4657,model_type.poincare,activation.dmelu,,0.00033056468,0.036656767,,5.1389925e-05,4657,0.01,0.0001,20,2,,,10
4658,model_type.poincare,activation.dmelu,,0.000327336,0.036298733,,5.0349026e-05,4658,0.01,0.0001,20,2,,,10
4659,model_type.poincare,activation.dmelu,,0.00033636362,0.03729982,,5.242362e-05,4659,0.01,0.0001,20,2,,,10
4660,model_type.poincare,activation.dmelu,,0.00032228619,0.03573875,,5.206255e-05,4660,0.01,0.0001,20,2,,,10
4661,model_type.poincare,activation.dmelu,,0.00032954835,0.036544062,,4.968067e-05,4661,0.01,0.0001,20,2,,,10
4662,model_type.poincare,activation.dmelu,,0.00032861895,0.036441002,,4.8869802e-05,4662,0.01,0.0001,20,2,,,10
4663,model_type.poincare,activation.dmelu,,0.0003214636,0.035647534,,4.980808e-05,4663,0.01,0.0001,20,2,,,10
4664,model_type.poincare,activation.dmelu,,0.00033254732,0.036876623,,5.0610895e-05,4664,0.01,0.0001,20,2,,,10
4665,model_type.poincare,activation.dmelu,,0.0003174906,0.035206962,,4.9311042e-05,4665,0.01,0.0001,20,2,,,10
4666,model_type.poincare,activation.dmelu,,0.00032595528,0.036145624,,4.804264e-05,4666,0.01,0.0001,20,2,,,10
4667,model_type.poincare,activation.dmelu,,0.00032463114,0.035998788,,4.796285e-05,4667,0.01,0.0001,20,2,,,10
4668,model_type.poincare,activation.dmelu,,0.00031699197,0.035151668,,4.826515e-05,4668,0.01,0.0001,20,2,,,10
4669,model_type.poincare,activation.dmelu,,0.0003289655,0.036479432,,4.843493e-05,4669,0.01,0.0001,20,2,,,10
4670,model_type.poincare,activation.dmelu,,0.00031514702,0.03494708,,4.8047652e-05,4670,0.01,0.0001,20,2,,,10
4671,model_type.poincare,activation.dmelu,,0.00032332362,0.035853796,,4.7759855e-05,4671,0.01,0.0001,20,2,,,10
4672,model_type.poincare,activation.dmelu,,0.00032148228,0.035649605,,4.733801e-05,4672,0.01,0.0001,20,2,,,10
4673,model_type.poincare,activation.dmelu,,0.0003154047,0.034975655,,4.7014517e-05,4673,0.01,0.0001,20,2,,,10
4674,model_type.poincare,activation.dmelu,,0.00032557378,0.03610332,,4.70758e-05,4674,0.01,0.0001,20,2,,,10
4675,model_type.poincare,activation.dmelu,,0.00031520604,0.034953624,,4.7287584e-05,4675,0.01,0.0001,20,2,,,10
4676,model_type.poincare,activation.dmelu,,0.00032142212,0.035642937,,4.7256388e-05,4676,0.01,0.0001,20,2,,,10
4677,model_type.poincare,activation.dmelu,,0.00031987348,0.035471205,,4.6797133e-05,4677,0.01,0.0001,20,2,,,10
4678,model_type.poincare,activation.dmelu,,0.0003165221,0.035099566,,4.6602534e-05,4678,0.01,0.0001,20,2,,,10
4679,model_type.poincare,activation.dmelu,,0.00032229186,0.03573938,,4.6577952e-05,4679,0.01,0.0001,20,2,,,10
4680,model_type.poincare,activation.dmelu,,0.0003165573,0.03510347,,4.6689296e-05,4680,0.01,0.0001,20,2,,,10
4681,model_type.poincare,activation.dmelu,,0.00031998724,0.03548382,,4.6525045e-05,4681,0.01,0.0001,20,2,,,10
4682,model_type.poincare,activation.dmelu,,0.00031917545,0.0353938,,4.62915e-05,4682,0.01,0.0001,20,2,,,10
4683,model_type.poincare,activation.dmelu,,0.00031785597,0.03524748,,4.6378318e-05,4683,0.01,0.0001,20,2,,,10
4684,model_type.poincare,activation.dmelu,,0.0003201227,0.03549884,,4.6386118e-05,4684,0.01,0.0001,20,2,,,10
4685,model_type.poincare,activation.dmelu,,0.0003181522,0.03528033,,4.641653e-05,4685,0.01,0.0001,20,2,,,10
4686,model_type.poincare,activation.dmelu,,0.00031850714,0.03531969,,4.6130317e-05,4686,0.01,0.0001,20,2,,,10
4687,model_type.poincare,activation.dmelu,,0.00031933028,0.035410967,,4.5969653e-05,4687,0.01,0.0001,20,2,,,10
4688,model_type.poincare,activation.dmelu,,0.00031804357,0.035268284,,4.6034278e-05,4688,0.01,0.0001,20,2,,,10
4689,model_type.poincare,activation.dmelu,,0.00031918168,0.03539449,,4.610019e-05,4689,0.01,0.0001,20,2,,,10
4690,model_type.poincare,activation.dmelu,,0.0003190032,0.035374697,,4.616291e-05,4690,0.01,0.0001,20,2,,,10
4691,model_type.poincare,activation.dmelu,,0.0003178583,0.03524774,,4.5973953e-05,4691,0.01,0.0001,20,2,,,10
4692,model_type.poincare,activation.dmelu,,0.00031980037,0.0354631,,4.590496e-05,4692,0.01,0.0001,20,2,,,10
4693,model_type.poincare,activation.dmelu,,0.00031774293,0.035234943,,4.5864865e-05,4693,0.01,0.0001,20,2,,,10
4694,model_type.poincare,activation.dmelu,,0.00031949108,0.0354288,,4.5893394e-05,4694,0.01,0.0001,20,2,,,10
4695,model_type.poincare,activation.dmelu,,0.00031863473,0.03533384,,4.5870853e-05,4695,0.01,0.0001,20,2,,,10
4696,model_type.poincare,activation.dmelu,,0.00031854582,0.035323977,,4.579067e-05,4696,0.01,0.0001,20,2,,,10
4697,model_type.poincare,activation.dmelu,,0.0003196686,0.035448484,,4.5775272e-05,4697,0.01,0.0001,20,2,,,10
4698,model_type.poincare,activation.dmelu,,0.0003180518,0.035269197,,4.5751276e-05,4698,0.01,0.0001,20,2,,,10
4699,model_type.poincare,activation.dmelu,,0.00032006632,0.035492588,,4.5783603e-05,4699,0.01,0.0001,20,2,,,10
4700,model_type.poincare,activation.dmelu,,0.000318264,0.035292726,,4.5737797e-05,4700,0.01,0.0001,20,2,,,10
4701,model_type.poincare,activation.dmelu,,0.00031977397,0.03546017,,4.5715566e-05,4701,0.01,0.0001,20,2,,,10
4702,model_type.poincare,activation.dmelu,,0.00031891093,0.035364464,,4.5659937e-05,4702,0.01,0.0001,20,2,,,10
4703,model_type.poincare,activation.dmelu,,0.00031925217,0.035402305,,4.5645014e-05,4703,0.01,0.0001,20,2,,,10
4704,model_type.poincare,activation.dmelu,,0.0003196607,0.03544761,,4.562606e-05,4704,0.01,0.0001,20,2,,,10
4705,model_type.poincare,activation.dmelu,,0.00031883293,0.035355818,,4.5613102e-05,4705,0.01,0.0001,20,2,,,10
4706,model_type.poincare,activation.dmelu,,0.0003201528,0.035502177,,4.560895e-05,4706,0.01,0.0001,20,2,,,10
4707,model_type.poincare,activation.dmelu,,0.00031873476,0.03534493,,4.5584664e-05,4707,0.01,0.0001,20,2,,,10
4708,model_type.poincare,activation.dmelu,,0.0003201858,0.035505835,,4.558708e-05,4708,0.01,0.0001,20,2,,,10
4709,model_type.poincare,activation.dmelu,,0.00031914213,0.035390105,,4.5549303e-05,4709,0.01,0.0001,20,2,,,10
4710,model_type.poincare,activation.dmelu,,0.00031979536,0.035462543,,4.555032e-05,4710,0.01,0.0001,20,2,,,10
4711,model_type.poincare,activation.dmelu,,0.00031970633,0.035452668,,4.5517678e-05,4711,0.01,0.0001,20,2,,,10
4712,model_type.poincare,activation.dmelu,,0.00031949795,0.03542956,,4.5523102e-05,4712,0.01,0.0001,20,2,,,10
4713,model_type.poincare,activation.dmelu,,0.0003199875,0.03548385,,4.5494708e-05,4713,0.01,0.0001,20,2,,,10
4714,model_type.poincare,activation.dmelu,,0.00031956998,0.03543755,,4.5481884e-05,4714,0.01,0.0001,20,2,,,10
4715,model_type.poincare,activation.dmelu,,0.00031986358,0.035470106,,4.545643e-05,4715,0.01,0.0001,20,2,,,10
4716,model_type.poincare,activation.dmelu,,0.00031990267,0.035474442,,4.5445842e-05,4716,0.01,0.0001,20,2,,,10
4717,model_type.poincare,activation.dmelu,,0.00031975337,0.035457883,,4.5446297e-05,4717,0.01,0.0001,20,2,,,10
4718,model_type.poincare,activation.dmelu,,0.00032004,0.03548967,,4.542864e-05,4718,0.01,0.0001,20,2,,,10
4719,model_type.poincare,activation.dmelu,,0.0003199036,0.035474543,,4.542614e-05,4719,0.01,0.0001,20,2,,,10
4720,model_type.poincare,activation.dmelu,,0.00031982383,0.0354657,,4.5392026e-05,4720,0.01,0.0001,20,2,,,10
4721,model_type.poincare,activation.dmelu,,0.00032033128,0.03552197,,4.539584e-05,4721,0.01,0.0001,20,2,,,10
4722,model_type.poincare,activation.dmelu,,0.00031953145,0.035433277,,4.5371038e-05,4722,0.01,0.0001,20,2,,,10
4723,model_type.poincare,activation.dmelu,,0.00032059665,0.0355514,,4.5373487e-05,4723,0.01,0.0001,20,2,,,10
4724,model_type.poincare,activation.dmelu,,0.00031951626,0.03543159,,4.534886e-05,4724,0.01,0.0001,20,2,,,10
4725,model_type.poincare,activation.dmelu,,0.00032051388,0.03554222,,4.534041e-05,4725,0.01,0.0001,20,2,,,10
4726,model_type.poincare,activation.dmelu,,0.00031979958,0.03546301,,4.5317836e-05,4726,0.01,0.0001,20,2,,,10
4727,model_type.poincare,activation.dmelu,,0.0003202503,0.03551299,,4.531094e-05,4727,0.01,0.0001,20,2,,,10
4728,model_type.poincare,activation.dmelu,,0.00032008052,0.035494164,,4.5288765e-05,4728,0.01,0.0001,20,2,,,10
4729,model_type.poincare,activation.dmelu,,0.0003201208,0.03549863,,4.5285142e-05,4729,0.01,0.0001,20,2,,,10
4730,model_type.poincare,activation.dmelu,,0.00032016623,0.035503667,,4.5259854e-05,4730,0.01,0.0001,20,2,,,10
4731,model_type.poincare,activation.dmelu,,0.00032018783,0.035506062,,4.5256173e-05,4731,0.01,0.0001,20,2,,,10
4732,model_type.poincare,activation.dmelu,,0.00032009018,0.035495237,,4.5232093e-05,4732,0.01,0.0001,20,2,,,10
4733,model_type.poincare,activation.dmelu,,0.0003203442,0.035523403,,4.5225534e-05,4733,0.01,0.0001,20,2,,,10
4734,model_type.poincare,activation.dmelu,,0.00032001114,0.03548647,,4.5204783e-05,4734,0.01,0.0001,20,2,,,10
4735,model_type.poincare,activation.dmelu,,0.00032044304,0.035534363,,4.5195586e-05,4735,0.01,0.0001,20,2,,,10
4736,model_type.poincare,activation.dmelu,,0.00032002354,0.035487846,,4.51769e-05,4736,0.01,0.0001,20,2,,,10
4737,model_type.poincare,activation.dmelu,,0.00032046202,0.035536468,,4.5168064e-05,4737,0.01,0.0001,20,2,,,10
4738,model_type.poincare,activation.dmelu,,0.00032008754,0.035494942,,4.5150202e-05,4738,0.01,0.0001,20,2,,,10
4739,model_type.poincare,activation.dmelu,,0.00032046938,0.035537284,,4.514089e-05,4739,0.01,0.0001,20,2,,,10
4740,model_type.poincare,activation.dmelu,,0.00032013035,0.03549969,,4.512148e-05,4740,0.01,0.0001,20,2,,,10
4741,model_type.poincare,activation.dmelu,,0.0003205055,0.03554129,,4.511423e-05,4741,0.01,0.0001,20,2,,,10
4742,model_type.poincare,activation.dmelu,,0.00032014452,0.03550126,,4.5092882e-05,4742,0.01,0.0001,20,2,,,10
4743,model_type.poincare,activation.dmelu,,0.0003205713,0.035548586,,4.5090543e-05,4743,0.01,0.0001,20,2,,,10
4744,model_type.poincare,activation.dmelu,,0.0003201165,0.035498153,,4.506691e-05,4744,0.01,0.0001,20,2,,,10
4745,model_type.poincare,activation.dmelu,,0.00032069138,0.035561904,,4.5068464e-05,4745,0.01,0.0001,20,2,,,10
4746,model_type.poincare,activation.dmelu,,0.0003200091,0.035486244,,4.504122e-05,4746,0.01,0.0001,20,2,,,10
4747,model_type.poincare,activation.dmelu,,0.00032091694,0.035586916,,4.5051213e-05,4747,0.01,0.0001,20,2,,,10
4748,model_type.poincare,activation.dmelu,,0.00031978544,0.03546144,,4.5022247e-05,4748,0.01,0.0001,20,2,,,10
4749,model_type.poincare,activation.dmelu,,0.0003213001,0.035629403,,4.50475e-05,4749,0.01,0.0001,20,2,,,10
4750,model_type.poincare,activation.dmelu,,0.00031940988,0.035419796,,4.5019682e-05,4750,0.01,0.0001,20,2,,,10
4751,model_type.poincare,activation.dmelu,,0.00032192748,0.035698976,,4.507744e-05,4751,0.01,0.0001,20,2,,,10
4752,model_type.poincare,activation.dmelu,,0.00031884472,0.03535712,,4.5061726e-05,4752,0.01,0.0001,20,2,,,10
4753,model_type.poincare,activation.dmelu,,0.00032299082,0.03581689,,4.51967e-05,4753,0.01,0.0001,20,2,,,10
4754,model_type.poincare,activation.dmelu,,0.00031803755,0.035267614,,4.5236146e-05,4754,0.01,0.0001,20,2,,,10
4755,model_type.poincare,activation.dmelu,,0.0003249903,0.036038615,,4.556855e-05,4755,0.01,0.0001,20,2,,,10
4756,model_type.poincare,activation.dmelu,,0.00031699374,0.035151865,,4.58177e-05,4756,0.01,0.0001,20,2,,,10
4757,model_type.poincare,activation.dmelu,,0.00032921278,0.03650685,,4.670036e-05,4757,0.01,0.0001,20,2,,,10
4758,model_type.poincare,activation.dmelu,,0.0003162302,0.035067197,,4.7684614e-05,4758,0.01,0.0001,20,2,,,10
4759,model_type.poincare,activation.dmelu,,0.00033907968,0.037601005,,5.0226976e-05,4759,0.01,0.0001,20,2,,,10
4760,model_type.poincare,activation.dmelu,,0.00031866843,0.035337575,,5.3750744e-05,4760,0.01,0.0001,20,2,,,10
4761,model_type.poincare,activation.dmelu,,0.0003644849,0.040418226,,6.159903e-05,4761,0.01,0.0001,20,2,,,10
4762,model_type.poincare,activation.dmelu,,0.00033641412,0.03730542,,7.3850984e-05,4762,0.01,0.0001,20,2,,,10
4763,model_type.poincare,activation.dmelu,,0.0004352243,0.048262615,,9.924118e-05,4763,0.01,0.0001,20,2,,,10
4764,model_type.poincare,activation.dmelu,,0.00041208934,0.045697145,,0.0001406075,4764,0.01,0.0001,20,2,,,10
4765,model_type.poincare,activation.dmelu,,0.0006307798,0.069948025,,0.00022199703,4765,0.01,0.0001,20,2,,,10
4766,model_type.poincare,activation.dmelu,,0.0006482904,0.0718898,,0.00034642845,4766,0.01,0.0001,20,2,,,10
4767,model_type.poincare,activation.dmelu,,0.0010348712,0.114758275,,0.0005642831,4767,0.01,0.0001,20,2,,,10
4768,model_type.poincare,activation.dmelu,,0.0009847755,0.10920309,,0.00079579075,4768,0.01,0.0001,20,2,,,10
4769,model_type.poincare,activation.dmelu,,0.0011599897,0.12863284,,0.0010403614,4769,0.01,0.0001,20,2,,,10
4770,model_type.poincare,activation.dmelu,,0.00062145153,0.0689136,,0.0009257738,4770,0.01,0.0001,20,2,,,10
4771,model_type.poincare,activation.dmelu,,0.00045523164,0.050481252,,0.0005645029,4771,0.01,0.0001,20,2,,,10
4772,model_type.poincare,activation.dmelu,,0.00040417258,0.044819247,,0.00013831294,4772,0.01,0.0001,20,2,,,10
4773,model_type.poincare,activation.dmelu,,0.0005159794,0.057217658,,0.00010844038,4773,0.01,0.0001,20,2,,,10
4774,model_type.poincare,activation.dmelu,,0.0007152921,0.079319715,,0.00036807157,4774,0.01,0.0001,20,2,,,10
4775,model_type.poincare,activation.dmelu,,0.00038008043,0.042147633,,0.00040724207,4775,0.01,0.0001,20,2,,,10
4776,model_type.poincare,activation.dmelu,,0.00036573355,0.040556688,,0.00018355361,4776,0.01,0.0001,20,2,,,10
4777,model_type.poincare,activation.dmelu,,0.00053711794,0.059561737,,7.5778094e-05,4777,0.01,0.0001,20,2,,,10
4778,model_type.poincare,activation.dmelu,,0.0004511114,0.050024357,,0.00022148396,4778,0.01,0.0001,20,2,,,10
4779,model_type.poincare,activation.dmelu,,0.00042574585,0.047211535,,0.00026717634,4779,0.01,0.0001,20,2,,,10
4780,model_type.poincare,activation.dmelu,,0.00039159087,0.043424044,,0.00010584032,4780,0.01,0.0001,20,2,,,10
4781,model_type.poincare,activation.dmelu,,0.00042404287,0.04702269,,8.979503e-05,4781,0.01,0.0001,20,2,,,10
4782,model_type.poincare,activation.dmelu,,0.0004664479,0.05172504,,0.00020043092,4782,0.01,0.0001,20,2,,,10
4783,model_type.poincare,activation.dmelu,,0.00034806557,0.038597465,,0.00014641714,4783,0.01,0.0001,20,2,,,10
4784,model_type.poincare,activation.dmelu,,0.00037928647,0.042059593,,6.257946e-05,4784,0.01,0.0001,20,2,,,10
4785,model_type.poincare,activation.dmelu,,0.00046375385,0.051426295,,0.00012031724,4785,0.01,0.0001,20,2,,,10
4786,model_type.poincare,activation.dmelu,,0.00034985103,0.038795456,,0.0001452301,4786,0.01,0.0001,20,2,,,10
4787,model_type.poincare,activation.dmelu,,0.00035188874,0.03902142,,7.4872754e-05,4787,0.01,0.0001,20,2,,,10
4788,model_type.poincare,activation.dmelu,,0.00043615335,0.048365638,,7.388973e-05,4788,0.01,0.0001,20,2,,,10
4789,model_type.poincare,activation.dmelu,,0.00035635076,0.039516218,,0.0001201595,4789,0.01,0.0001,20,2,,,10
4790,model_type.poincare,activation.dmelu,,0.00034819648,0.038611982,,8.8775e-05,4790,0.01,0.0001,20,2,,,10
4791,model_type.poincare,activation.dmelu,,0.00040548437,0.044964712,,5.8819987e-05,4791,0.01,0.0001,20,2,,,10
4792,model_type.poincare,activation.dmelu,,0.0003528095,0.039123524,,9.199165e-05,4792,0.01,0.0001,20,2,,,10
4793,model_type.poincare,activation.dmelu,,0.00035468917,0.03933196,,9.0575886e-05,4793,0.01,0.0001,20,2,,,10
4794,model_type.poincare,activation.dmelu,,0.00038194857,0.042354796,,5.8395068e-05,4794,0.01,0.0001,20,2,,,10
4795,model_type.poincare,activation.dmelu,,0.0003442525,0.03817463,,7.354014e-05,4795,0.01,0.0001,20,2,,,10
4796,model_type.poincare,activation.dmelu,,0.00035907872,0.039818726,,8.369051e-05,4796,0.01,0.0001,20,2,,,10
4797,model_type.poincare,activation.dmelu,,0.00036330128,0.040286973,,5.9396094e-05,4797,0.01,0.0001,20,2,,,10
4798,model_type.poincare,activation.dmelu,,0.00033900308,0.03759251,,6.2741696e-05,4798,0.01,0.0001,20,2,,,10
4799,model_type.poincare,activation.dmelu,,0.00036040985,0.039966337,,7.61944e-05,4799,0.01,0.0001,20,2,,,10
4800,model_type.poincare,activation.dmelu,,0.00034744912,0.038529105,,6.018636e-05,4800,0.01,0.0001,20,2,,,10
4801,model_type.poincare,activation.dmelu,,0.00033495505,0.03714362,,5.5120137e-05,4801,0.01,0.0001,20,2,,,10
4802,model_type.poincare,activation.dmelu,,0.0003598806,0.039907645,,6.809351e-05,4802,0.01,0.0001,20,2,,,10
4803,model_type.poincare,activation.dmelu,,0.00033631455,0.037294377,,6.142634e-05,4803,0.01,0.0001,20,2,,,10
4804,model_type.poincare,activation.dmelu,,0.00033068532,0.036670145,,5.218323e-05,4804,0.01,0.0001,20,2,,,10
4805,model_type.poincare,activation.dmelu,,0.0003562341,0.03950328,,5.9585986e-05,4805,0.01,0.0001,20,2,,,10
4806,model_type.poincare,activation.dmelu,,0.000329644,0.03655467,,6.0322294e-05,4806,0.01,0.0001,20,2,,,10
4807,model_type.poincare,activation.dmelu,,0.0003290594,0.036489844,,5.257012e-05,4807,0.01,0.0001,20,2,,,10
4808,model_type.poincare,activation.dmelu,,0.00034911578,0.038713925,,5.4164484e-05,4808,0.01,0.0001,20,2,,,10
4809,model_type.poincare,activation.dmelu,,0.00032519366,0.036061168,,5.7251393e-05,4809,0.01,0.0001,20,2,,,10
4810,model_type.poincare,activation.dmelu,,0.00032956642,0.036546066,,5.285829e-05,4810,0.01,0.0001,20,2,,,10
4811,model_type.poincare,activation.dmelu,,0.0003406312,0.037773058,,5.1356517e-05,4811,0.01,0.0001,20,2,,,10
4812,model_type.poincare,activation.dmelu,,0.00032263921,0.0357779,,5.435857e-05,4812,0.01,0.0001,20,2,,,10
4813,model_type.poincare,activation.dmelu,,0.0003296073,0.036550604,,5.2868454e-05,4813,0.01,0.0001,20,2,,,10
4814,model_type.poincare,activation.dmelu,,0.00033309116,0.03693693,,4.9716025e-05,4814,0.01,0.0001,20,2,,,10
4815,model_type.poincare,activation.dmelu,,0.00032149593,0.03565112,,5.163054e-05,4815,0.01,0.0001,20,2,,,10
4816,model_type.poincare,activation.dmelu,,0.00032852715,0.03643082,,5.256584e-05,4816,0.01,0.0001,20,2,,,10
4817,model_type.poincare,activation.dmelu,,0.0003274177,0.036307793,,4.9473805e-05,4817,0.01,0.0001,20,2,,,10
4818,model_type.poincare,activation.dmelu,,0.00032015127,0.03550201,,4.9425988e-05,4818,0.01,0.0001,20,2,,,10
4819,model_type.poincare,activation.dmelu,,0.00032743267,0.036309455,,5.1206815e-05,4819,0.01,0.0001,20,2,,,10
4820,model_type.poincare,activation.dmelu,,0.00032331859,0.035853237,,4.9743518e-05,4820,0.01,0.0001,20,2,,,10
4821,model_type.poincare,activation.dmelu,,0.00031829797,0.035296492,,4.859761e-05,4821,0.01,0.0001,20,2,,,10
4822,model_type.poincare,activation.dmelu,,0.00032687676,0.03624781,,4.954413e-05,4822,0.01,0.0001,20,2,,,10
4823,model_type.poincare,activation.dmelu,,0.00031982333,0.035465643,,4.9419796e-05,4823,0.01,0.0001,20,2,,,10
4824,model_type.poincare,activation.dmelu,,0.0003175003,0.03520804,,4.8495895e-05,4824,0.01,0.0001,20,2,,,10
4825,model_type.poincare,activation.dmelu,,0.00032571837,0.036119353,,4.8429352e-05,4825,0.01,0.0001,20,2,,,10
4826,model_type.poincare,activation.dmelu,,0.00031668963,0.035118144,,4.88123e-05,4826,0.01,0.0001,20,2,,,10
4827,model_type.poincare,activation.dmelu,,0.00031880566,0.035352793,,4.8444523e-05,4827,0.01,0.0001,20,2,,,10
4828,model_type.poincare,activation.dmelu,,0.0003229224,0.0358093,,4.7783997e-05,4828,0.01,0.0001,20,2,,,10
4829,model_type.poincare,activation.dmelu,,0.00031488755,0.03491831,,4.8099417e-05,4829,0.01,0.0001,20,2,,,10
4830,model_type.poincare,activation.dmelu,,0.0003208955,0.035584535,,4.832008e-05,4830,0.01,0.0001,20,2,,,10
4831,model_type.poincare,activation.dmelu,,0.00031948954,0.03542863,,4.7635156e-05,4831,0.01,0.0001,20,2,,,10
4832,model_type.poincare,activation.dmelu,,0.00031511273,0.03494328,,4.749153e-05,4832,0.01,0.0001,20,2,,,10
4833,model_type.poincare,activation.dmelu,,0.00032155565,0.03565774,,4.7861548e-05,4833,0.01,0.0001,20,2,,,10
4834,model_type.poincare,activation.dmelu,,0.0003170494,0.03515804,,4.7624395e-05,4834,0.01,0.0001,20,2,,,10
4835,model_type.poincare,activation.dmelu,,0.00031675576,0.035125475,,4.732374e-05,4835,0.01,0.0001,20,2,,,10
4836,model_type.poincare,activation.dmelu,,0.00032074,0.03556729,,4.735647e-05,4836,0.01,0.0001,20,2,,,10
4837,model_type.poincare,activation.dmelu,,0.00031609705,0.03505243,,4.7403624e-05,4837,0.01,0.0001,20,2,,,10
4838,model_type.poincare,activation.dmelu,,0.0003183595,0.035303317,,4.732304e-05,4838,0.01,0.0001,20,2,,,10
4839,model_type.poincare,activation.dmelu,,0.00031963122,0.035444338,,4.7084824e-05,4839,0.01,0.0001,20,2,,,10
4840,model_type.poincare,activation.dmelu,,0.00031627383,0.035072032,,4.711443e-05,4840,0.01,0.0001,20,2,,,10
4841,model_type.poincare,activation.dmelu,,0.0003193988,0.035418566,,4.7237714e-05,4841,0.01,0.0001,20,2,,,10
4842,model_type.poincare,activation.dmelu,,0.00031864186,0.035334628,,4.6989342e-05,4842,0.01,0.0001,20,2,,,10
4843,model_type.poincare,activation.dmelu,,0.0003169741,0.035149686,,4.6902464e-05,4843,0.01,0.0001,20,2,,,10
4844,model_type.poincare,activation.dmelu,,0.00032002587,0.035488103,,4.702637e-05,4844,0.01,0.0001,20,2,,,10
4845,model_type.poincare,activation.dmelu,,0.0003178978,0.035252117,,4.694114e-05,4845,0.01,0.0001,20,2,,,10
4846,model_type.poincare,activation.dmelu,,0.0003179221,0.035254814,,4.6845613e-05,4846,0.01,0.0001,20,2,,,10
4847,model_type.poincare,activation.dmelu,,0.00032001256,0.035486627,,4.679122e-05,4847,0.01,0.0001,20,2,,,10
4848,model_type.poincare,activation.dmelu,,0.00031754514,0.035213012,,4.6804333e-05,4848,0.01,0.0001,20,2,,,10
4849,model_type.poincare,activation.dmelu,,0.00031898182,0.035372328,,4.6834535e-05,4849,0.01,0.0001,20,2,,,10
4850,model_type.poincare,activation.dmelu,,0.00031944097,0.03542324,,4.668477e-05,4850,0.01,0.0001,20,2,,,10
4851,model_type.poincare,activation.dmelu,,0.00031762174,0.035221506,,4.6654757e-05,4851,0.01,0.0001,20,2,,,10
4852,model_type.poincare,activation.dmelu,,0.00031973212,0.03545553,,4.6729776e-05,4852,0.01,0.0001,20,2,,,10
4853,model_type.poincare,activation.dmelu,,0.00031871482,0.03534272,,4.6636862e-05,4853,0.01,0.0001,20,2,,,10
4854,model_type.poincare,activation.dmelu,,0.00031812926,0.035277784,,4.6584493e-05,4854,0.01,0.0001,20,2,,,10
4855,model_type.poincare,activation.dmelu,,0.00031993323,0.03547783,,4.6584584e-05,4855,0.01,0.0001,20,2,,,10
4856,model_type.poincare,activation.dmelu,,0.00031811465,0.035276163,,4.656739e-05,4856,0.01,0.0001,20,2,,,10
4857,model_type.poincare,activation.dmelu,,0.00031893395,0.03536702,,4.6560373e-05,4857,0.01,0.0001,20,2,,,10
4858,model_type.poincare,activation.dmelu,,0.00031956358,0.03543684,,4.6476907e-05,4858,0.01,0.0001,20,2,,,10
4859,model_type.poincare,activation.dmelu,,0.00031796822,0.03525993,,4.6466896e-05,4859,0.01,0.0001,20,2,,,10
4860,model_type.poincare,activation.dmelu,,0.00031966576,0.03544817,,4.6504574e-05,4860,0.01,0.0001,20,2,,,10
4861,model_type.poincare,activation.dmelu,,0.00031880618,0.03535285,,4.6431207e-05,4861,0.01,0.0001,20,2,,,10
4862,model_type.poincare,activation.dmelu,,0.00031850606,0.03531957,,4.6396533e-05,4862,0.01,0.0001,20,2,,,10
4863,model_type.poincare,activation.dmelu,,0.0003197779,0.035460606,,4.6396817e-05,4863,0.01,0.0001,20,2,,,10
4864,model_type.poincare,activation.dmelu,,0.0003183156,0.035298448,,4.637339e-05,4864,0.01,0.0001,20,2,,,10
4865,model_type.poincare,activation.dmelu,,0.00031927225,0.035404533,,4.636584e-05,4865,0.01,0.0001,20,2,,,10
4866,model_type.poincare,activation.dmelu,,0.00031927574,0.03540492,,4.6312703e-05,4866,0.01,0.0001,20,2,,,10
4867,model_type.poincare,activation.dmelu,,0.00031853147,0.035322387,,4.6292174e-05,4867,0.01,0.0001,20,2,,,10
4868,model_type.poincare,activation.dmelu,,0.0003195613,0.035436586,,4.630467e-05,4868,0.01,0.0001,20,2,,,10
4869,model_type.poincare,activation.dmelu,,0.00031881573,0.03535391,,4.6255278e-05,4869,0.01,0.0001,20,2,,,10
4870,model_type.poincare,activation.dmelu,,0.0003190173,0.035376262,,4.6235215e-05,4870,0.01,0.0001,20,2,,,10
4871,model_type.poincare,activation.dmelu,,0.00031939917,0.035418607,,4.62195e-05,4871,0.01,0.0001,20,2,,,10
4872,model_type.poincare,activation.dmelu,,0.00031875647,0.03534734,,4.6190744e-05,4872,0.01,0.0001,20,2,,,10
4873,model_type.poincare,activation.dmelu,,0.00031926887,0.035404157,,4.6187717e-05,4873,0.01,0.0001,20,2,,,10
4874,model_type.poincare,activation.dmelu,,0.00031916235,0.035392348,,4.61456e-05,4874,0.01,0.0001,20,2,,,10
4875,model_type.poincare,activation.dmelu,,0.00031889442,0.035362635,,4.6124664e-05,4875,0.01,0.0001,20,2,,,10
4876,model_type.poincare,activation.dmelu,,0.00031932804,0.03541072,,4.6118672e-05,4876,0.01,0.0001,20,2,,,10
4877,model_type.poincare,activation.dmelu,,0.00031897982,0.035372104,,4.608317e-05,4877,0.01,0.0001,20,2,,,10
4878,model_type.poincare,activation.dmelu,,0.00031906538,0.035381593,,4.607142e-05,4878,0.01,0.0001,20,2,,,10
4879,model_type.poincare,activation.dmelu,,0.00031928453,0.035405897,,4.6042795e-05,4879,0.01,0.0001,20,2,,,10
4880,model_type.poincare,activation.dmelu,,0.0003188859,0.03536169,,4.601798e-05,4880,0.01,0.0001,20,2,,,10
4881,model_type.poincare,activation.dmelu,,0.00031924344,0.035401337,,4.6009907e-05,4881,0.01,0.0001,20,2,,,10
4882,model_type.poincare,activation.dmelu,,0.00031910915,0.035386447,,4.597785e-05,4882,0.01,0.0001,20,2,,,10
4883,model_type.poincare,activation.dmelu,,0.0003189944,0.03537372,,4.596027e-05,4883,0.01,0.0001,20,2,,,10
4884,model_type.poincare,activation.dmelu,,0.0003192886,0.035406347,,4.5938938e-05,4884,0.01,0.0001,20,2,,,10
4885,model_type.poincare,activation.dmelu,,0.0003189666,0.03537064,,4.591332e-05,4885,0.01,0.0001,20,2,,,10
4886,model_type.poincare,activation.dmelu,,0.00031919059,0.035395477,,4.590177e-05,4886,0.01,0.0001,20,2,,,10
4887,model_type.poincare,activation.dmelu,,0.00031917644,0.03539391,,4.587362e-05,4887,0.01,0.0001,20,2,,,10
4888,model_type.poincare,activation.dmelu,,0.00031900682,0.0353751,,4.5852856e-05,4888,0.01,0.0001,20,2,,,10
4889,model_type.poincare,activation.dmelu,,0.0003192877,0.035406247,,4.583516e-05,4889,0.01,0.0001,20,2,,,10
4890,model_type.poincare,activation.dmelu,,0.0003190464,0.035379488,,4.5810208e-05,4890,0.01,0.0001,20,2,,,10
4891,model_type.poincare,activation.dmelu,,0.00031917592,0.03539385,,4.579619e-05,4891,0.01,0.0001,20,2,,,10
4892,model_type.poincare,activation.dmelu,,0.00031921294,0.035397954,,4.577035e-05,4892,0.01,0.0001,20,2,,,10
4893,model_type.poincare,activation.dmelu,,0.0003190478,0.035379644,,4.5749526e-05,4893,0.01,0.0001,20,2,,,10
4894,model_type.poincare,activation.dmelu,,0.00031928948,0.035406444,,4.5733632e-05,4894,0.01,0.0001,20,2,,,10
4895,model_type.poincare,activation.dmelu,,0.00031907877,0.03538308,,4.570886e-05,4895,0.01,0.0001,20,2,,,10
4896,model_type.poincare,activation.dmelu,,0.0003191911,0.035395537,,4.569251e-05,4896,0.01,0.0001,20,2,,,10
4897,model_type.poincare,activation.dmelu,,0.0003192139,0.035398062,,4.5668934e-05,4897,0.01,0.0001,20,2,,,10
4898,model_type.poincare,activation.dmelu,,0.00031908273,0.035383515,,4.5649376e-05,4898,0.01,0.0001,20,2,,,10
4899,model_type.poincare,activation.dmelu,,0.0003192746,0.035404794,,4.563289e-05,4899,0.01,0.0001,20,2,,,10
4900,model_type.poincare,activation.dmelu,,0.00031908386,0.03538364,,4.560944e-05,4900,0.01,0.0001,20,2,,,10
4901,model_type.poincare,activation.dmelu,,0.0003192137,0.03539804,,4.559232e-05,4901,0.01,0.0001,20,2,,,10
4902,model_type.poincare,activation.dmelu,,0.0003191809,0.035394404,,4.557184e-05,4902,0.01,0.0001,20,2,,,10
4903,model_type.poincare,activation.dmelu,,0.00031912117,0.03538778,,4.555231e-05,4903,0.01,0.0001,20,2,,,10
4904,model_type.poincare,activation.dmelu,,0.00031922842,0.03539967,,4.5535733e-05,4904,0.01,0.0001,20,2,,,10
4905,model_type.poincare,activation.dmelu,,0.00031912103,0.035387762,,4.551312e-05,4905,0.01,0.0001,20,2,,,10
4906,model_type.poincare,activation.dmelu,,0.00031918852,0.03539525,,4.549727e-05,4906,0.01,0.0001,20,2,,,10
4907,model_type.poincare,activation.dmelu,,0.00031917996,0.0353943,,4.547647e-05,4907,0.01,0.0001,20,2,,,10
4908,model_type.poincare,activation.dmelu,,0.00031912644,0.035388365,,4.545789e-05,4908,0.01,0.0001,20,2,,,10
4909,model_type.poincare,activation.dmelu,,0.00031921253,0.03539791,,4.5441455e-05,4909,0.01,0.0001,20,2,,,10
4910,model_type.poincare,activation.dmelu,,0.00031913418,0.035389222,,4.542019e-05,4910,0.01,0.0001,20,2,,,10
4911,model_type.poincare,activation.dmelu,,0.00031917178,0.03539339,,4.5404537e-05,4911,0.01,0.0001,20,2,,,10
4912,model_type.poincare,activation.dmelu,,0.00031918232,0.03539456,,4.5384764e-05,4912,0.01,0.0001,20,2,,,10
4913,model_type.poincare,activation.dmelu,,0.00031912958,0.03538871,,4.5366407e-05,4913,0.01,0.0001,20,2,,,10
4914,model_type.poincare,activation.dmelu,,0.00031920167,0.035396706,,4.5350043e-05,4914,0.01,0.0001,20,2,,,10
4915,model_type.poincare,activation.dmelu,,0.00031913855,0.035389706,,4.533057e-05,4915,0.01,0.0001,20,2,,,10
4916,model_type.poincare,activation.dmelu,,0.00031916148,0.03539225,,4.5315097e-05,4916,0.01,0.0001,20,2,,,10
4917,model_type.poincare,activation.dmelu,,0.00031918054,0.035394363,,4.5296583e-05,4917,0.01,0.0001,20,2,,,10
4918,model_type.poincare,activation.dmelu,,0.00031913238,0.03538902,,4.527872e-05,4918,0.01,0.0001,20,2,,,10
4919,model_type.poincare,activation.dmelu,,0.0003191871,0.03539509,,4.5263478e-05,4919,0.01,0.0001,20,2,,,10
4920,model_type.poincare,activation.dmelu,,0.00031913852,0.035389703,,4.5243312e-05,4920,0.01,0.0001,20,2,,,10
4921,model_type.poincare,activation.dmelu,,0.00031915848,0.035391916,,4.52283e-05,4921,0.01,0.0001,20,2,,,10
4922,model_type.poincare,activation.dmelu,,0.00031917388,0.035393625,,4.521091e-05,4922,0.01,0.0001,20,2,,,10
4923,model_type.poincare,activation.dmelu,,0.0003191212,0.035387784,,4.519343e-05,4923,0.01,0.0001,20,2,,,10
4924,model_type.poincare,activation.dmelu,,0.00031918657,0.03539503,,4.5178207e-05,4924,0.01,0.0001,20,2,,,10
4925,model_type.poincare,activation.dmelu,,0.0003191249,0.035388194,,4.5159868e-05,4925,0.01,0.0001,20,2,,,10
4926,model_type.poincare,activation.dmelu,,0.0003191666,0.035392817,,4.5144996e-05,4926,0.01,0.0001,20,2,,,10
4927,model_type.poincare,activation.dmelu,,0.00031914804,0.035390757,,4.512738e-05,4927,0.01,0.0001,20,2,,,10
4928,model_type.poincare,activation.dmelu,,0.0003191379,0.035389636,,4.511136e-05,4928,0.01,0.0001,20,2,,,10
4929,model_type.poincare,activation.dmelu,,0.00031916518,0.03539266,,4.5095618e-05,4929,0.01,0.0001,20,2,,,10
4930,model_type.poincare,activation.dmelu,,0.00031913136,0.03538891,,4.5078203e-05,4930,0.01,0.0001,20,2,,,10
4931,model_type.poincare,activation.dmelu,,0.00031915584,0.035391625,,4.506347e-05,4931,0.01,0.0001,20,2,,,10
4932,model_type.poincare,activation.dmelu,,0.0003191424,0.03539013,,4.504659e-05,4932,0.01,0.0001,20,2,,,10
4933,model_type.poincare,activation.dmelu,,0.00031913907,0.035389766,,4.5031524e-05,4933,0.01,0.0001,20,2,,,10
4934,model_type.poincare,activation.dmelu,,0.0003191561,0.03539165,,4.5015397e-05,4934,0.01,0.0001,20,2,,,10
4935,model_type.poincare,activation.dmelu,,0.00031911986,0.035387635,,4.50001e-05,4935,0.01,0.0001,20,2,,,10
4936,model_type.poincare,activation.dmelu,,0.00031916425,0.035392556,,4.4984325e-05,4936,0.01,0.0001,20,2,,,10
4937,model_type.poincare,activation.dmelu,,0.00031911358,0.03538694,,4.4968758e-05,4937,0.01,0.0001,20,2,,,10
4938,model_type.poincare,activation.dmelu,,0.00031915875,0.035391945,,4.4953496e-05,4938,0.01,0.0001,20,2,,,10
4939,model_type.poincare,activation.dmelu,,0.0003191078,0.035386298,,4.4938482e-05,4939,0.01,0.0001,20,2,,,10
4940,model_type.poincare,activation.dmelu,,0.00031916137,0.035392236,,4.492309e-05,4940,0.01,0.0001,20,2,,,10
4941,model_type.poincare,activation.dmelu,,0.00031909483,0.03538486,,4.4908204e-05,4941,0.01,0.0001,20,2,,,10
4942,model_type.poincare,activation.dmelu,,0.00031916675,0.035392836,,4.4892597e-05,4942,0.01,0.0001,20,2,,,10
4943,model_type.poincare,activation.dmelu,,0.0003190722,0.03538235,,4.487909e-05,4943,0.01,0.0001,20,2,,,10
4944,model_type.poincare,activation.dmelu,,0.00031918465,0.035394818,,4.486317e-05,4944,0.01,0.0001,20,2,,,10
4945,model_type.poincare,activation.dmelu,,0.0003190369,0.035378434,,4.484896e-05,4945,0.01,0.0001,20,2,,,10
4946,model_type.poincare,activation.dmelu,,0.00031921506,0.035398193,,4.483372e-05,4946,0.01,0.0001,20,2,,,10
4947,model_type.poincare,activation.dmelu,,0.00031898313,0.035372473,,4.4820634e-05,4947,0.01,0.0001,20,2,,,10
4948,model_type.poincare,activation.dmelu,,0.00031927225,0.035404533,,4.4805274e-05,4948,0.01,0.0001,20,2,,,10
4949,model_type.poincare,activation.dmelu,,0.0003189002,0.035363276,,4.479259e-05,4949,0.01,0.0001,20,2,,,10
4950,model_type.poincare,activation.dmelu,,0.00031936247,0.03541454,,4.4777422e-05,4950,0.01,0.0001,20,2,,,10
4951,model_type.poincare,activation.dmelu,,0.0003187726,0.035349127,,4.4767778e-05,4951,0.01,0.0001,20,2,,,10
4952,model_type.poincare,activation.dmelu,,0.00031952152,0.035432175,,4.475353e-05,4952,0.01,0.0001,20,2,,,10
4953,model_type.poincare,activation.dmelu,,0.00031856497,0.0353261,,4.4749064e-05,4953,0.01,0.0001,20,2,,,10
4954,model_type.poincare,activation.dmelu,,0.00031982004,0.035465278,,4.4739285e-05,4954,0.01,0.0001,20,2,,,10
4955,model_type.poincare,activation.dmelu,,0.00031821453,0.035287242,,4.4749802e-05,4955,0.01,0.0001,20,2,,,10
4956,model_type.poincare,activation.dmelu,,0.00032037703,0.035527043,,4.4754506e-05,4956,0.01,0.0001,20,2,,,10
4957,model_type.poincare,activation.dmelu,,0.00031764072,0.03522361,,4.4803255e-05,4957,0.01,0.0001,20,2,,,10
4958,model_type.poincare,activation.dmelu,,0.00032146758,0.035647977,,4.4861532e-05,4958,0.01,0.0001,20,2,,,10
4959,model_type.poincare,activation.dmelu,,0.00031675966,0.035125908,,4.502608e-05,4959,0.01,0.0001,20,2,,,10
4960,model_type.poincare,activation.dmelu,,0.00032372132,0.035897896,,4.52661e-05,4960,0.01,0.0001,20,2,,,10
4961,model_type.poincare,activation.dmelu,,0.00031565034,0.035002895,,4.5795525e-05,4961,0.01,0.0001,20,2,,,10
4962,model_type.poincare,activation.dmelu,,0.00032879596,0.03646063,,4.6653357e-05,4962,0.01,0.0001,20,2,,,10
4963,model_type.poincare,activation.dmelu,,0.00031527344,0.0349611,,4.8391215e-05,4963,0.01,0.0001,20,2,,,10
4964,model_type.poincare,activation.dmelu,,0.00034140854,0.037859257,,5.1387087e-05,4964,0.01,0.0001,20,2,,,10
4965,model_type.poincare,activation.dmelu,,0.00032038166,0.035527557,,5.723657e-05,4965,0.01,0.0001,20,2,,,10
4966,model_type.poincare,activation.dmelu,,0.00037578648,0.041671474,,6.7638524e-05,4966,0.01,0.0001,20,2,,,10
4967,model_type.poincare,activation.dmelu,,0.00034921247,0.038724646,,8.74795e-05,4967,0.01,0.0001,20,2,,,10
4968,model_type.poincare,activation.dmelu,,0.00047232135,0.052376356,,0.00012242625,4968,0.01,0.0001,20,2,,,10
4969,model_type.poincare,activation.dmelu,,0.000452419,0.050169356,,0.00018561607,4969,0.01,0.0001,20,2,,,10
4970,model_type.poincare,activation.dmelu,,0.0006973845,0.07733391,,0.000285303,4970,0.01,0.0001,20,2,,,10
4971,model_type.poincare,activation.dmelu,,0.00064663775,0.07170654,,0.00043236223,4971,0.01,0.0001,20,2,,,10
4972,model_type.poincare,activation.dmelu,,0.0008812533,0.09772337,,0.000573662,4972,0.01,0.0001,20,2,,,10
4973,model_type.poincare,activation.dmelu,,0.0005706381,0.06327883,,0.0006324926,4973,0.01,0.0001,20,2,,,10
4974,model_type.poincare,activation.dmelu,,0.0005100246,0.05655732,,0.00047593808,4974,0.01,0.0001,20,2,,,10
4975,model_type.poincare,activation.dmelu,,0.00032466173,0.036002178,,0.0002081989,4975,0.01,0.0001,20,2,,,10
4976,model_type.poincare,activation.dmelu,,0.00037523307,0.041610103,,5.90176e-05,4976,0.01,0.0001,20,2,,,10
4977,model_type.poincare,activation.dmelu,,0.00057697867,0.06398195,,0.00014300895,4977,0.01,0.0001,20,2,,,10
4978,model_type.poincare,activation.dmelu,,0.00043706366,0.04846658,,0.00028629505,4978,0.01,0.0001,20,2,,,10
4979,model_type.poincare,activation.dmelu,,0.0004078442,0.045226395,,0.00025414297,4979,0.01,0.0001,20,2,,,10
4980,model_type.poincare,activation.dmelu,,0.00034661268,0.03843635,,0.00010721606,4980,0.01,0.0001,20,2,,,10
4981,model_type.poincare,activation.dmelu,,0.0003836812,0.04254693,,6.399272e-05,4981,0.01,0.0001,20,2,,,10
4982,model_type.poincare,activation.dmelu,,0.0004861051,0.053904854,,0.00015313565,4982,0.01,0.0001,20,2,,,10
4983,model_type.poincare,activation.dmelu,,0.00035679076,0.03956501,,0.00019395775,4983,0.01,0.0001,20,2,,,10
4984,model_type.poincare,activation.dmelu,,0.00033032775,0.036630493,,0.00010944731,4984,0.01,0.0001,20,2,,,10
4985,model_type.poincare,activation.dmelu,,0.00039406202,0.043698072,,5.4323096e-05,4985,0.01,0.0001,20,2,,,10
4986,model_type.poincare,activation.dmelu,,0.00037394505,0.041467275,,0.00010275794,4986,0.01,0.0001,20,2,,,10
4987,model_type.poincare,activation.dmelu,,0.00038199962,0.042360455,,0.00013862064,4987,0.01,0.0001,20,2,,,10
4988,model_type.poincare,activation.dmelu,,0.00033738362,0.037412927,,9.6431635e-05,4988,0.01,0.0001,20,2,,,10
4989,model_type.poincare,activation.dmelu,,0.000330014,0.036595702,,5.4959546e-05,4989,0.01,0.0001,20,2,,,10
4990,model_type.poincare,activation.dmelu,,0.00039464014,0.04376218,,7.990098e-05,4990,0.01,0.0001,20,2,,,10
4991,model_type.poincare,activation.dmelu,,0.00034017913,0.037722927,,0.00010608361,4991,0.01,0.0001,20,2,,,10
4992,model_type.poincare,activation.dmelu,,0.0003247514,0.036012124,,7.986297e-05,4992,0.01,0.0001,20,2,,,10
4993,model_type.poincare,activation.dmelu,,0.00035972893,0.03989083,,5.467522e-05,4993,0.01,0.0001,20,2,,,10
4994,model_type.poincare,activation.dmelu,,0.0003336569,0.036999665,,6.9580885e-05,4994,0.01,0.0001,20,2,,,10
4995,model_type.poincare,activation.dmelu,,0.00035050607,0.038868096,,8.369876e-05,4995,0.01,0.0001,20,2,,,10
4996,model_type.poincare,activation.dmelu,,0.0003333395,0.03696447,,6.784652e-05,4996,0.01,0.0001,20,2,,,10
4997,model_type.poincare,activation.dmelu,,0.0003212816,0.035627354,,5.3231084e-05,4997,0.01,0.0001,20,2,,,10
4998,model_type.poincare,activation.dmelu,,0.00035740616,0.03963325,,6.24419e-05,4998,0.01,0.0001,20,2,,,10
4999,model_type.poincare,activation.dmelu,,0.00032544092,0.036088586,,7.038244e-05,4999,0.01,0.0001,20,2,,,10
